0.217679	1
-0.054312	1
0.086745	1
0.063787	1
0.143771	1
-0.114614	1
0.340569	1
-0.030763	1
0.180075	1
-0.072299	1
0.499068	1
0.270089	1
-0.366603	1
-0.342166	1
0.209939	1
0.113149	1
0.115624	2
-0.189790	1
0.022480	1
-0.013272	1
-0.170831	1
-0.199148	1
-0.117151	2
0.183297	2
-0.047175	1
0.057498	1
-0.295205	1
-0.123990	1
0.222715	1
-0.364094	2
0.417118	1
0.083990	2
0.277672	2
-0.059782	2
0.308375	1
0.199577	1
0.373841	1
-0.353396	1
-0.459838	1
-0.248699	1
0.067415	2
0.431248	1
0.092455	1
-0.040295	2
0.112274	3
-0.226811	1
0.016792	1
0.147775	2
-0.033338	2
0.093807	2
0.241542	1
-0.082265	1
0.018958	2
0.205669	2
-0.257171	1
0.348056	2
-0.201336	1
0.298610	1
-0.129028	2
-0.264611	1
0.268141	1
-0.124124	3
0.006396	1
0.160043	1
0.326866	1
0.171975	1
0.417037	2
0.209256	3
0.181334	3
0.186889	4
0.142303	3
-0.322712	1
0.002135	2
0.059026	2
-0.402454	1
-0.391905	1
-0.093207	1
-0.063716	1
0.003586	3
-0.378091	1
-0.283358	1
-0.039604	3
-0.276343	1
0.330709	1
0.215915	2
-0.126876	4
0.076516	1
0.081901	3
-0.314098	1
0.319274	1
0.123913	1
0.283996	1
-0.115768	3
-0.303865	1
-0.145195	1
0.079200	2
-0.209553	2
0.143898	4
0.008234	4
-0.328737	2
0.154114	1
0.157314	2
0.140905	5
-0.319413	2
-0.098310	2
-0.174543	2
-0.227659	2
-0.151742	1
-0.001396	1
-0.212504	1
-0.370046	2
-0.020815	1
-0.187775	2
-0.063726	2
-0.180918	3
-0.126114	5
-0.385684	1
-0.219931	2
-0.048589	3
-0.221983	3
0.379510	2
0.036671	1
0.241437	2
0.399816	1
0.398605	2
0.050818	3
0.143240	6
0.208781	4
-0.290244	2
0.151555	3
-0.023608	2
0.274631	3
0.136982	1
-0.331904	1
-0.201448	3
-0.059558	3
0.043606	1
0.260945	2
-0.238817	1
0.209097	5
-0.241161	2
-0.172603	3
0.023838	2
0.031358	2
-0.055619	4
-0.307231	2
-0.231415	2
-0.379267	3
0.326307	2
-0.065542	3
0.395931	3
0.057284	4
-0.057173	5
0.330422	2
0.025400	3
-0.420662	1
-0.044310	4
-0.309277	3
0.386494	1
0.157382	4
-0.164465	1
-0.248233	3
-0.307093	4
-0.328365	3
-0.072954	2
0.312367	2
-0.233349	3
0.129417	2
-0.263275	2
0.022597	4
0.435706	2
-0.156564	2
-0.220259	4
-0.363808	3
0.340359	3
0.275904	4
0.322876	3
-0.102587	1
-0.244829	4
-0.028582	3
0.127263	3
-0.170154	4
-0.206584	4
-0.153448	3
-0.104457	2
0.094463	3
-0.231418	4
0.394893	4
-0.068401	4
-0.112817	4
-0.161827	2
-0.112543	5
0.234701	1
-0.268671	3
-0.322469	4
-0.094595	3
0.189743	5
-0.125234	6
0.131823	2
0.130778	3
-0.009308	2
-0.157398	4
-0.012312	2
0.261014	3
-0.278439	2
0.128607	4
-0.060385	5
-0.143964	2
-0.000488	3
0.153805	5
-0.032740	4
-0.030442	5
0.109972	1
0.184946	6
0.166884	2
0.253120	1
0.152648	6
0.102975	2
-0.065379	6
0.110952	4
-0.013483	3
0.320283	4
0.130442	4
-0.495012	1
-0.447494	1
0.257255	2
-0.099024	4
0.070222	3
0.441884	1
0.029714	5
-0.390029	2
-0.184232	4
0.036815	3
0.166178	3
0.236251	2
-0.355798	2
-0.023023	4
0.030367	4
0.448239	2
0.374550	3
0.121831	5
-0.215952	3
0.380094	2
0.029351	6
-0.106779	3
-0.059905	6
0.146870	7
0.072170	4
-0.080341	2
-0.204285	5
0.064423	3
-0.363406	4
-0.245436	5
0.261273	4
0.362589	1
0.236550	3
0.261609	5
-0.021957	5
0.320447	5
-0.000288	4
0.379518	4
-0.208907	6
-0.171540	5
-0.460360	1
-0.245952	6
-0.141673	3
-0.172376	6
-0.033360	6
0.001772	5
-0.139827	1
0.330203	3
-0.388112	2
-0.017762	4
0.088872	4
-0.013052	5
0.086645	5
0.170298	2
-0.113343	6
-0.223266	5
-0.078458	3
0.372433	5
-0.061269	7
0.139707	5
0.039362	5
0.203365	6
0.131184	6
-0.172976	7
0.148515	8
-0.452501	2
-0.092948	5
0.029134	7
0.080226	6
0.464557	1
0.127421	6
0.493702	2
-0.183406	5
0.153931	7
0.058205	5
0.372501	6
0.059614	6
0.037004	6
0.008324	6
-0.345116	2
-0.161946	3
-0.195594	2
0.206018	7
0.262912	6
0.066537	4
0.121096	7
-0.340272	3
0.111739	5
0.178519	3
-0.105332	4
-0.049043	5
0.269133	7
0.018902	3
-0.033814	7
-0.443108	2
0.113533	6
0.354319	1
0.349623	4
0.349313	5
0.200147	8
0.067989	5
0.205508	9
-0.437242	1
0.045458	2
-0.125889	7
0.089541	7
-0.159218	5
-0.119872	7
0.118482	7
0.079737	5
0.126115	8
0.196457	2
0.087339	8
-0.261498	4
0.316639	3
0.255328	3
0.341345	6
0.051833	7
-0.347749	4
0.001988	7
0.288450	2
-0.040388	6
-0.125300	8
-0.007070	5
-0.235378	5
0.237096	4
-0.413452	1
-0.217472	4
-0.065248	8
0.077168	6
-0.295165	3
0.377283	7
0.066029	6
-0.172905	8
0.287794	3
-0.129741	9
0.381703	3
0.017761	4
-0.089833	3
0.046822	3
-0.062579	9
0.119298	8
0.034848	7
-0.115810	8
0.022943	8
0.400081	1
0.171610	4
-0.189681	6
0.380346	4
-0.263235	5
-0.293367	4
-0.227302	6
0.196818	3
-0.323193	5
0.171110	5
-0.229951	7
0.305699	2
-0.389571	3
0.162050	4
0.043174	4
-0.186879	7
-0.165504	4
-0.364612	5
0.172324	6
-0.180826	8
0.103825	3
0.091446	4
-0.022240	6
0.442493	3
-0.237215	6
0.016840	5
-0.187155	9
-0.127129	10
-0.369733	6
0.264699	8
0.131901	7
-0.132522	2
0.012933	6
-0.396885	3
-0.098295	6
-0.067786	10
-0.103189	5
-0.111971	9
0.016477	7
0.145469	9
-0.398648	4
-0.153963	6
-0.123402	11
0.127280	9
0.143253	10
0.176115	7
-0.166890	5
-0.335149	2
-0.324119	6
-0.498165	2
-0.233823	7
-0.407985	2
0.017098	8
0.090625	5
-0.336076	3
0.315593	4
-0.059443	7
-0.153239	7
-0.037197	8
-0.216779	5
0.165900	5
-0.082339	4
-0.216209	6
-0.098728	7
-0.182699	10
-0.165542	6
0.426218	1
0.008931	8
0.088064	9
-0.112022	10
-0.283605	2
0.094512	6
0.025448	9
0.249501	3
-0.163208	7
-0.209228	7
-0.113373	11
-0.177757	9
0.283647	4
0.006540	9
0.349115	7
0.146193	11
-0.401585	3
0.250593	4
-0.444344	3
-0.095455	8
-0.092105	9
0.352844	2
0.043318	5
0.243832	4
-0.158543	8
0.107151	4
-0.348376	5
0.240321	5
-0.464001	2
-0.296275	5
0.179847	8
-0.321056	7
0.160064	6
0.063457	7
-0.077487	4
0.382726	5
0.056693	8
-0.000132	6
0.021486	10
0.065526	8
-0.115852	12
-0.116349	13
-0.241605	7
0.306772	3
-0.096113	10
-0.112522	14
-0.123116	12
-0.067851	11
-0.062585	12
-0.087086	5
-0.226138	8
-0.069824	13
-0.424859	2
0.347965	8
0.113927	9
0.189568	7
-0.103176	6
0.292680	2
-0.207354	8
-0.095328	11
0.204753	10
-0.035996	9
0.058895	9
0.164998	7
-0.277109	3
0.040702	6
0.153627	8
-0.365644	7
0.190621	4
-0.101295	7
-0.328904	8
0.241929	6
0.128042	10
-0.383178	4
-0.280027	3
0.181599	8
0.024822	11
-0.492442	3
-0.129305	13
-0.082125	6
0.238176	5
-0.050585	8
0.267033	9
-0.287584	4
-0.004004	7
-0.004557	8
0.135803	8
-0.300023	5
-0.025737	7
-0.350177	3
0.108485	5
-0.251479	2
0.176852	9
-0.273658	4
0.101342	6
-0.082163	7
0.266239	10
-0.362011	8
0.011058	9
0.313012	5
-0.311475	3
0.279910	5
-0.048021	7
-0.027599	8
-0.284071	5
0.359896	3
-0.384302	5
0.152530	9
-0.074503	5
-0.484304	1
-0.339448	4
0.035227	8
0.269641	11
0.171930	10
0.218172	3
0.301346	4
0.343845	9
-0.127894	14
0.177515	11
0.002636	10
-0.017934	6
-0.335013	5
-0.366177	9
0.082950	10
0.134517	9
0.368815	2
0.179186	12
-0.032456	10
-0.411668	2
-0.458959	3
0.069099	9
0.407232	2
-0.401171	4
-0.105882	8
0.038130	9
0.381958	6
0.269244	12
0.276241	6
0.070981	7
0.143718	12
-0.003034	9
0.148999	13
0.004301	11
0.142895	14
0.057183	10
-0.291921	6
0.019783	10
0.145938	15
0.028262	12
0.044046	7
-0.216845	7
0.008365	12
-0.282657	6
0.417468	3
-0.282330	7
-0.355953	4
-0.220679	9
0.331266	4
0.014236	11
0.475129	1
0.248257	7
0.259326	5
-0.074768	6
0.316150	6
-0.109392	9
0.032622	10
-0.076991	7
-0.024749	9
0.318312	7
-0.194926	3
-0.431021	2
-0.027564	10
0.044470	8
-0.009704	10
0.164768	8
0.134411	10
0.269133	13
-0.100916	10
0.137506	11
-0.110255	15
0.294260	3
0.106608	7
0.287866	5
0.032806	11
-0.302824	6
0.002240	13
-0.243470	8
0.298425	4
-0.352850	5
0.466173	2
-0.125041	15
-0.476843	1
0.132458	12
-0.460366	3
-0.126096	16
-0.238704	8
0.002107	14
-0.134998	3
0.408929	3
0.433561	3
-0.002756	11
-0.009514	12
0.181754	9
-0.496935	4
-0.250484	3
0.245318	8
-0.111206	16
0.054759	11
-0.063650	14
0.272760	7
-0.064966	15
0.359326	4
0.006947	15
0.203625	11
-0.016877	7
0.047174	9
0.001015	16
-0.148552	4
0.133553	13
0.372159	8
-0.063022	16
-0.169643	8
0.227116	2
-0.255905	4
0.047822	10
-0.004130	13
-0.134226	4
0.249060	9
-0.233185	9
0.296949	5
-0.343530	6
-0.074125	8
0.093356	7
0.107093	8
0.111837	10
0.207634	12
0.378491	9
-0.459593	4
0.030267	12
0.176561	13
0.257314	6
-0.305865	7
-0.003588	14
-0.034970	11
0.273960	8
0.049279	11
0.228111	3
0.018453	12
-0.255651	5
0.131557	14
0.144441	16
0.264121	14
0.251244	7
-0.285624	8
0.354636	5
-0.414901	3
-0.282526	9
-0.096714	12
-0.479302	2
0.305231	5
-0.385146	6
-0.001795	15
0.108757	9
-0.157065	9
0.120854	11
-0.298819	7
-0.207587	9
0.409042	4
0.454172	1
-0.191485	4
-0.287314	10
0.216535	4
-0.353863	6
0.125984	12
-0.003335	16
-0.022736	11
-0.116624	17
-0.338948	6
0.061634	10
0.124323	13
0.008318	17
0.281443	6
0.442667	4
-0.024989	12
-0.140260	5
-0.179279	10
-0.224062	10
0.234379	6
-0.203843	10
0.313697	8
-0.380820	7
-0.002474	17
0.205724	13
-0.368573	10
0.220223	4
-0.268835	6
-0.075516	9
0.245897	10
0.037373	13
0.084616	11
-0.071959	10
0.320474	6
0.152083	10
-0.348036	7
-0.295605	8
-0.344324	8
0.206222	14
0.420473	2
-0.480818	2
-0.203461	11
0.361952	3
-0.131779	5
-0.455041	5
0.065150	11
0.265262	15
0.363081	4
0.345092	10
-0.226231	11
0.372864	10
-0.267400	7
-0.198503	5
-0.449612	4
-0.249082	9
-0.183494	11
0.462256	3
0.266261	16
-0.048179	8
-0.080665	8
-0.102593	11
0.059121	12
-0.385949	8
0.108821	10
0.129670	14
-0.047539	9
-0.024842	13
-0.032709	12
0.036351	14
0.068271	12
-0.347292	9
0.161509	9
0.246705	11
-0.029931	14
0.132567	15
0.033491	15
0.134346	16
0.295744	6
-0.446020	5
-0.275164	5
0.025639	13
0.041441	12
-0.363148	11
-0.273009	6
0.199238	5
-0.174359	11
-0.383109	9
0.344205	11
-0.000663	18
-0.171829	12
-0.145910	6
-0.457606	6
0.058484	13
0.219044	5
-0.014699	8
0.158101	11
0.145974	17
-0.238212	10
0.005412	18
0.303594	6
0.319146	9
0.043179	13
-0.140576	7
0.022145	14
0.103416	11
0.053661	14
-0.170183	13
-0.238218	11
0.117025	11
-0.017100	9
-0.331779	7
0.075667	8
-0.205254	12
-0.419879	4
-0.188365	12
0.060749	13
0.021657	15
-0.214027	8
0.000940	19
-0.045455	10
-0.133534	6
0.215673	6
-0.482231	3
0.044761	14
-0.169959	9
0.410343	4
0.117651	12
0.024992	16
-0.002656	19
0.271820	9
0.220788	5
0.169633	10
-0.020648	15
0.356901	6
0.068612	14
-0.010703	10
-0.037293	13
-0.296626	9
-0.091565	13
-0.113881	18
-0.092169	14
0.009587	20
-0.152969	10
-0.062764	17
0.393237	5
-0.281676	11
-0.050515	9
0.252937	8
0.125999	15
-0.345956	10
0.025393	17
0.108867	12
-0.345799	11
0.389536	7
-0.420871	3
-0.260984	8
0.134975	17
0.041305	15
-0.314764	4
0.303673	7
0.092518	8
-0.119473	19
-0.047754	11
-0.035994	14
-0.020883	16
-0.343378	12
0.128716	16
-0.169174	10
-0.152128	11
0.392438	6
0.134206	18
0.021690	18
-0.072550	11
-0.322360	9
-0.244793	10
-0.308293	8
0.163104	11
-0.006232	20
0.031397	16
0.344570	12
-0.151731	12
-0.071147	12
-0.086562	9
0.244388	12
-0.256128	6
-0.221601	12
-0.285186	12
-0.182707	13
0.313982	10
-0.140992	8
0.166094	12
-0.038050	15
0.089655	12
-0.120275	17
0.257872	9
0.032462	17
-0.022055	17
-0.458460	7
-0.039468	16
-0.197987	6
-0.138947	7
0.373736	11
0.346185	13
0.056121	15
-0.154509	13
0.173041	14
0.086004	13
-0.101474	12
-0.201548	13
-0.100053	13
-0.021527	18
-0.245817	11
0.265032	17
0.048138	16
-0.166439	11
0.052264	16
0.346505	14
0.261473	18
0.124812	17
-0.373813	4
-0.065766	18
0.226166	6
-0.372872	5
-0.006473	21
-0.031754	17
0.341246	15
-0.078147	13
0.446506	5
0.244818	13
-0.138769	8
0.164824	13
0.202638	15
0.271247	10
0.199475	6
0.386310	8
0.170435	15
0.205599	16
-0.026619	19
0.091179	9
-0.123782	18
-0.119727	20
0.467774	4
0.433987	4
-0.005706	22
-0.211762	9
0.199620	7
0.169023	14
-0.178399	14
0.015659	13
0.270236	11
0.082638	14
-0.237420	12
0.251089	10
-0.225479	13
-0.324709	10
0.049770	17
-0.449904	6
-0.096182	15
-0.024388	20
-0.166959	12
-0.083634	10
0.490315	3
0.116329	13
0.032324	18
-0.185612	14
-0.097504	16
0.022673	19
-0.110410	21
-0.322529	11
0.076972	9
-0.228425	14
0.042272	18
-0.048730	12
0.382697	9
-0.324011	12
0.300823	8
0.141345	18
0.070997	10
-0.152938	14
-0.431300	3
0.356102	7
0.039651	19
0.027953	20
-0.103722	14
-0.185468	15
-0.008631	23
-0.249819	12
-0.300112	9
-0.099421	17
0.042598	19
0.347569	16
0.077421	11
-0.313926	5
0.210632	7
-0.184279	16
-0.195988	7
0.260597	19
-0.131436	9
0.187501	10
-0.206954	14
0.300753	9
0.282779	7
-0.261633	9
-0.338122	8
0.370957	12
-0.010776	11
0.225988	7
-0.177849	15
0.496922	4
-0.304834	10
0.441041	6
0.198911	8
-0.130751	10
0.105370	13
-0.074225	14
-0.106329	15
-0.193936	8
0.021392	21
-0.028054	21
-0.427468	4
-0.297262	10
-0.268844	10
0.091339	10
0.468944	5
-0.266628	11
-0.131204	11
-0.067171	19
0.193923	9
-0.226166	15
0.030335	20
0.136502	19
-0.396739	5
-0.259235	7
-0.209706	15
0.402210	5
-0.055747	10
0.308994	10
0.233743	7
0.497718	5
0.005168	21
0.016013	14
-0.039634	18
0.041832	20
-0.378539	6
-0.144009	9
0.254402	11
0.061602	15
0.198708	10
0.055368	17
-0.233775	13
0.158464	12
-0.188263	17
0.390679	7
-0.324229	13
0.173525	16
0.339291	5
0.253057	12
0.068333	16
0.154422	13
0.048463	21
-0.009903	24
0.048247	22
0.260826	20
-0.144583	10
0.120387	18
0.253926	13
0.390267	8
0.242403	14
-0.040274	13
0.148549	19
0.362925	5
-0.171095	16
0.139652	20
0.319153	11
-0.098661	18
-0.202348	16
-0.369986	12
-0.308163	11
-0.021761	22
-0.424004	5
0.279108	12
0.261713	21
-0.148309	11
0.400625	6
0.224463	8
-0.045741	14
0.312122	12
-0.312103	6
-0.182524	18
-0.424773	6
-0.121456	19
-0.058229	11
-0.055442	12
0.233575	8
0.357488	8
-0.463875	4
-0.323458	14
-0.029372	23
-0.295166	11
0.233179	9
-0.311837	7
-0.056435	13
0.114865	14
-0.145983	12
-0.342183	13
-0.073003	15
0.028103	22
0.334306	6
0.100850	14
0.153855	14
0.095101	11
-0.242643	13
-0.258836	8
-0.492869	5
-0.417853	5
0.490015	6
0.351090	9
-0.135412	12
0.224267	9
-0.272815	7
0.170037	17
0.071152	12
0.243441	15
0.184177	11
0.208888	17
-0.081654	11
0.132885	21
-0.028194	24
0.162496	15
0.103679	15
0.171672	18
0.052098	18
0.115840	15
0.126746	19
0.183643	12
0.085337	15
0.146129	20
0.219855	8
-0.160424	13
0.104349	16
0.276536	13
0.073388	13
-0.445777	7
0.301639	11
0.140665	21
0.164037	16
0.307862	12
0.184894	13
0.126880	20
0.167780	17
0.157640	15
0.325691	7
0.033174	21
0.023512	23
0.102115	17
0.099351	12
0.362107	6
-0.496918	6
-0.230239	14
-0.169754	14
-0.424739	7
0.460613	6
0.027322	24
-0.092117	19
-0.012136	12
0.054385	19
0.293555	7
-0.324797	15
-0.196446	9
0.050915	20
-0.056328	14
-0.380279	10
-0.044574	15
0.170186	19
-0.045659	16
0.259001	14
0.183278	14
0.088640	16
-0.452660	8
0.203848	18
0.466723	7
0.341393	17
0.045829	23
-0.080668	12
-0.108895	16
0.393479	9
0.221628	10
-0.032286	19
0.216061	9
0.291182	8
-0.000051	25
0.235845	10
0.154304	16
0.496622	7
-0.107905	17
-0.014612	13
0.064137	17
0.216752	10
0.439786	5
-0.027142	25
-0.269327	12
0.495328	8
0.265873	22
-0.469014	5
0.112461	16
0.318019	13
-0.131642	13
-0.105035	18
-0.133532	14
0.414569	5
-0.260464	13
-0.117082	22
0.199280	11
0.066202	18
-0.192586	10
0.145171	22
-0.316094	8
0.111862	17
-0.295561	12
0.375557	13
0.208382	19
-0.166769	15
0.161320	18
0.347521	18
0.263622	23
0.246448	16
0.363967	7
0.139316	22
-0.065797	20
0.392099	10
0.079603	14
-0.031719	20
-0.073352	16
-0.395271	6
0.125253	21
0.129436	22
0.055923	21
-0.034779	21
-0.372277	7
0.029197	25
0.332293	7
0.013567	15
-0.364668	13
-0.296451	13
0.224207	11
-0.172943	17
-0.145971	13
0.031053	22
-0.082274	13
0.104503	18
-0.022590	26
0.139564	23
-0.233853	15
0.189470	15
-0.152929	15
0.007167	22
0.328663	8
-0.293478	14
0.035239	23
-0.495146	7
-0.108236	19
-0.195649	11
-0.066137	21
-0.047749	17
0.317314	14
0.083611	17
0.082934	18
0.176423	20
-0.190150	12
-0.005105	26
-0.181556	19
-0.328943	16
-0.401130	5
0.161670	19
0.193869	12
0.346244	19
-0.056023	15
0.282608	8
-0.326435	17
-0.075663	17
-0.166020	16
0.245217	17
-0.032824	22
-0.146542	14
0.354022	10
0.265489	24
0.104558	19
0.475762	2
0.143190	23
-0.307973	12
-0.210399	10
-0.229611	16
0.232185	11
-0.072617	18
-0.067283	22
-0.142087	15
-0.159164	16
0.485434	1
0.362690	8
0.297406	9
-0.013487	14
-0.199787	13
0.465382	8
-0.211904	11
-0.043842	18
-0.333141	9
-0.054998	16
0.167541	20
0.092076	13
0.255414	15
0.178558	21
-0.393477	7
0.248897	18
-0.149745	16
0.132244	24
-0.225408	17
0.278660	14
-0.152341	17
0.396196	11
-0.288555	13
0.019064	16
-0.122330	20
-0.060582	23
0.180806	16
-0.154434	18
-0.133785	15
-0.088919	14
0.383457	10
0.090727	14
-0.210746	12
0.401250	7
0.075685	15
0.144870	24
0.353003	11
-0.066690	24
0.049195	24
-0.356111	7
-0.082911	15
0.218530	11
0.063894	19
0.118881	18
-0.266006	14
-0.429126	8
-0.474965	3
0.020847	26
-0.047954	19
0.265931	25
-0.120118	21
-0.037408	23
-0.413677	6
-0.437027	4
-0.162639	17
0.012241	17
0.057121	22
-0.069008	25
0.175788	22
-0.295467	15
0.140304	25
0.256457	16
0.428363	3
0.451482	2
0.043721	25
0.266258	26
-0.322564	18
0.009527	23
-0.227084	18
-0.139350	16
-0.464875	6
0.123748	23
0.043206	26
-0.385859	11
0.091789	15
-0.272052	8
0.292291	10
0.172530	23
-0.240900	14
-0.437835	5
0.205769	20
0.140994	26
0.157150	17
0.000337	24
0.148700	27
-0.308312	13
-0.033723	24
0.044629	27
0.436651	6
-0.483557	4
0.319776	15
-0.005373	27
0.242636	19
-0.114115	23
-0.280072	14
0.179613	24
-0.052510	17
0.107553	20
-0.076043	19
0.107173	21
-0.012078	15
-0.111561	24
0.148870	28
-0.026297	27
0.248511	20
0.346617	20
0.225994	12
0.126691	24
-0.490316	8
0.309044	13
-0.457313	9
-0.275474	9
-0.200736	17
0.301852	14
0.200886	21
-0.308388	14
-0.267579	15
0.004323	25
-0.350240	8
0.052550	23
0.497177	9
0.058764	24
-0.049694	20
-0.489446	5
0.109721	22
0.054479	25
0.144973	29
0.335793	8
-0.231558	16
-0.209030	18
0.490019	10
-0.027087	28
-0.012479	16
-0.299475	16
0.130961	25
-0.196169	14
0.368480	9
0.271362	15
0.394388	12
-0.287714	15
0.090247	16
-0.089339	16
0.212786	12
0.215496	13
-0.284606	16
0.004378	26
-0.072172	20
0.248799	21
0.402200	8
0.318186	16
0.029602	27
-0.168587	18
0.413086	6
-0.067000	26
-0.152501	19
-0.350763	9
0.061039	20
0.301653	15
-0.309108	15
-0.347387	14
-0.013549	17
0.346376	21
-0.459610	10
0.001250	27
0.015161	18
0.231651	12
-0.091590	20
0.078355	16
0.046876	28
-0.229078	19
0.087230	19
0.073535	17
-0.076809	21
-0.079750	22
-0.322925	19
0.298038	11
0.370430	14
0.060047	21
-0.082039	17
0.091593	17
0.223119	13
-0.111167	25
0.014805	19
-0.038060	25
0.343203	22
0.200057	22
-0.311164	9
0.184060	17
0.242798	22
-0.191699	15
-0.468247	7
0.037385	24
0.184563	18
0.471049	3
-0.164202	19
-0.432110	6
-0.019009	18
-0.213474	13
-0.207567	19
0.254685	17
0.004973	28
0.180298	19
0.252473	18
0.031379	25
-0.426456	9
0.393783	13
0.079636	18
-0.175683	18
0.050974	26
0.186134	20
0.035001	26
0.052945	27
-0.201517	20
0.364601	10
-0.061695	27
-0.152951	20
-0.002512	28
0.028615	28
-0.231857	17
0.363538	11
-0.308592	16
0.079788	19
-0.211270	14
-0.433473	7
0.063440	22
-0.335515	10
0.353209	12
-0.073172	23
-0.037407	26
-0.012153	19
0.103359	23
-0.367048	14
0.122798	25
-0.311095	10
-0.057957	18
-0.159063	21
-0.301363	17
-0.092680	21
-0.321744	20
0.060935	23
0.179822	25
0.243079	23
-0.215012	15
0.295755	12
-0.176446	19
-0.163958	20
-0.173561	20
-0.495928	9
-0.239475	18
-0.236473	19
-0.373171	8
-0.130760	17
0.482675	2
0.300117	16
0.476405	4
0.072039	20
-0.116515	26
-0.037705	27
-0.136895	18
0.136827	26
-0.277570	10
-0.051826	19
-0.355276	10
-0.068351	28
0.265289	27
-0.079166	24
0.360140	12
-0.182267	20
-0.297764	17
-0.023192	29
-0.272761	11
-0.273235	12
0.322461	9
-0.113779	27
-0.109355	20
0.147665	30
0.214336	14
0.485160	3
0.038723	27
-0.009137	29
-0.163538	21
0.239714	13
0.200130	23
-0.003207	30
0.050177	28
-0.024137	30
0.186423	21
0.324056	10
-0.070567	25
0.241147	24
0.435469	7
-0.001706	31
-0.082726	18
-0.286984	17
0.124149	26
0.233259	14
-0.111114	28
0.282516	9
-0.036489	28
0.166839	21
0.202651	24
0.158158	18
-0.129023	22
0.197444	13
0.204692	25
0.211894	15
0.211951	16
0.284342	10
-0.077196	26
0.342598	23
-0.149766	17
0.166938	22
-0.068943	29
0.450167	3
0.321046	11
-0.182117	21
-0.103887	21
-0.194916	16
-0.242764	15
-0.482241	6
-0.018216	20
-0.019691	21
0.323094	12
-0.057723	20
-0.104974	22
-0.204937	21
0.015660	20
0.163155	23
0.049013	29
-0.178074	21
-0.103993	23
-0.095439	22
0.133175	27
-0.489054	7
0.435495	8
-0.207588	22
0.155152	19
-0.181802	22
-0.193013	17
-0.168660	22
-0.420712	10
-0.485497	8
-0.311554	11
0.281026	11
-0.044187	21
-0.172894	22
-0.048705	22
-0.318256	12
0.325314	13
0.270023	16
0.153928	20
0.079239	21
0.003320	29
-0.467667	8
-0.272419	13
-0.254370	9
-0.105145	24
-0.468283	9
-0.086587	19
-0.372068	9
0.105697	24
-0.081303	20
-0.066964	30
-0.410271	7
0.168603	24
-0.034906	29
-0.145449	18
-0.100840	25
0.132844	28
0.018711	21
-0.136031	19
-0.069578	31
-0.386198	12
-0.196860	18
-0.417908	8
-0.352428	11
0.320452	14
0.365809	13
0.158779	21
-0.024907	31
0.346700	24
0.025540	29
-0.021700	32
0.000891	30
-0.011785	22
-0.001071	32
0.043674	30
0.423796	4
-0.074448	27
0.100914	25
-0.193759	19
0.174087	26
0.261793	28
0.008233	31
0.458206	4
0.419591	7
0.256300	19
0.033530	28
-0.408748	6
0.066698	24
0.310393	17
-0.034230	30
-0.234531	20
0.169191	25
-0.093377	23
0.284332	12
0.136001	29
0.431177	9
-0.079077	28
-0.061405	32
0.030335	29
0.099012	18
-0.133660	20
-0.022346	33
0.320472	15
0.152186	22
-0.140786	19
0.429448	5
0.080971	20
0.208583	26
-0.378596	10
0.419075	8
0.193509	14
-0.040773	23
0.216793	17
0.220288	14
-0.440650	8
0.317355	18
-0.233479	21
0.293380	13
-0.042696	24
0.073650	22
0.051848	29
0.185525	22
-0.197855	20
0.192075	15
0.016054	22
0.033744	30
0.218918	18
0.254048	20
-0.187721	23
0.030396	31
0.243028	25
0.053187	30
-0.018271	23
-0.204421	23
-0.193839	21
-0.074097	29
0.164274	26
-0.412649	9
0.055010	31
-0.421146	11
0.295435	14
-0.204953	24
-0.078672	30
0.035129	32
-0.242053	16
-0.024287	34
-0.451947	11
0.106776	26
-0.113680	29
-0.499512	10
0.466420	9
0.211757	19
0.395072	14
0.001879	32
-0.067485	33
-0.067657	34
-0.050680	21
0.122700	27
0.111213	19
-0.450940	12
-0.193570	22
0.136862	30
0.143902	31
-0.156146	22
-0.332798	11
0.008442	33
0.128606	28
-0.023101	35
-0.132471	21
0.277907	17
-0.088479	21
0.159314	23
0.314331	19
-0.150893	23
0.270158	18
0.023696	30
0.192147	16
0.023752	31
0.083959	21
-0.133264	22
-0.146435	20
0.083075	22
0.365092	14
-0.241124	17
0.101044	27
-0.014596	24
-0.289265	18
-0.018015	25
0.227296	15
0.231462	15
-0.256438	10
0.244224	26
-0.029280	36
0.285007	13
0.409819	9
0.047024	31
0.109610	28
-0.024165	37
0.489605	4
0.021111	32
-0.183662	24
-0.192012	23
-0.065860	35
-0.212855	16
0.018397	23
0.019541	24
0.268843	29
-0.179748	23
-0.020977	38
0.186840	23
0.082213	23
-0.018651	26
-0.308423	18
0.272154	19
0.299359	15
0.253216	21
-0.373209	11
-0.218683	17
-0.315182	13
-0.208040	25
-0.078355	31
-0.194014	24
-0.093587	24
0.121893	29
-0.087527	22
-0.271390	14
-0.325496	21
0.427395	6
-0.048411	25
0.063435	25
0.387112	11
-0.199810	25
0.231123	16
0.291384	16
0.394760	15
-0.351084	12
-0.220379	20
0.488957	5
-0.276839	15
0.352255	13
0.136616	31
0.002374	34
-0.120510	23
0.248289	27
0.411358	9
-0.250929	11
-0.249962	18
-0.036367	31
0.337975	9
0.482583	6
0.142290	32
0.015278	25
-0.119462	30
0.130451	32
0.099999	19
0.337657	10
0.375917	15
0.284395	14
0.138355	33
-0.184039	25
-0.073406	32
-0.078881	33
-0.183390	26
0.342059	25
-0.084739	23
0.057468	32
-0.010928	27
-0.288156	19
0.194233	17
-0.487886	9
-0.120481	24
0.074366	23
0.056783	33
-0.224813	21
0.105723	29
0.093846	20
0.040836	32
-0.191706	26
0.292106	17
0.192811	18
0.404215	10
-0.026599	39
-0.132400	23
0.018553	26
-0.365192	15
0.082298	24
-0.235352	22
0.210414	20
0.009589	35
0.111637	20
0.173008	27
-0.208302	26
0.198098	19
-0.031162	32
-0.039064	33
0.053577	34
0.169981	27
-0.375155	12
-0.334397	12
0.253521	22
-0.160122	23
-0.165978	24
0.440657	7
0.300354	17
-0.485312	10
0.292561	18
-0.442215	9
0.255698	23
-0.207774	27
-0.384459	13
-0.335007	13
0.135812	34
-0.068051	36
-0.088328	24
0.051869	35
-0.258901	12
-0.285809	20
-0.166155	25
-0.025740	40
0.257980	24
-0.073660	34
0.002188	36
0.079073	24
0.428683	7
-0.025060	41
0.245562	28
-0.235946	23
-0.390205	8
-0.296871	18
-0.073276	35
0.011210	27
-0.006870	33
-0.176222	24
0.286238	15
-0.048633	26
-0.222311	22
0.250476	25
0.168710	28
0.093112	21
-0.344530	15
-0.350919	13
0.233198	17
0.444047	8
0.368015	15
0.277053	20
-0.124834	25
-0.220650	23
0.466884	10
-0.075278	36
0.072684	25
-0.216799	18
0.256492	26
0.088535	25
0.211776	21
0.249164	29
-0.150313	24
0.321307	16
0.043889	33
0.356651	14
-0.081276	25
-0.278592	16
-0.269193	16
-0.413932	10
0.076718	26
0.286201	16
0.058395	36
-0.365655	16
0.114095	21
0.229750	16
0.233469	18
0.095541	22
0.422103	8
0.420359	9
0.063548	26
-0.152363	25
0.102396	30
0.075840	27
-0.071463	37
0.080499	26
-0.256455	13
-0.058243	22
0.205772	27
0.280128	17
-0.047184	27
0.234263	19
-0.164601	26
0.001095	37
-0.124559	26
0.196037	20
0.366754	16
-0.050155	23
0.331330	11
-0.167082	27
0.241880	30
0.346070	26
-0.065113	37
-0.363859	17
-0.295630	19
0.134855	35
-0.026015	42
-0.202023	28
-0.137082	24
-0.079826	38
-0.245462	19
0.068308	27
-0.167962	28
-0.245895	20
-0.401414	7
-0.204179	29
0.236558	20
-0.428768	12
0.102871	31
0.066590	28
0.013098	28
-0.008701	34
0.453106	5
-0.049488	28
-0.393953	9
0.186413	24
-0.209931	30
0.479970	5
0.292573	19
-0.494697	11
0.070093	28
-0.358915	14
0.118488	22
0.353255	15
0.159689	24
0.295953	20
0.124905	30
-0.245903	21
-0.163772	29
-0.138858	25
0.226122	17
0.308547	18
0.100541	32
-0.232263	24
-0.130525	26
-0.011657	28
-0.102913	26
0.047928	34
0.090236	23
0.381199	12
-0.208423	31
-0.065163	38
0.181031	25
-0.156894	26
-0.352072	15
0.380100	13
0.428283	10
0.071693	29
-0.399873	10
-0.037117	34
-0.089378	26
0.181798	26
-0.016252	29
0.036821	33
0.050527	37
0.074990	30
-0.185704	27
-0.098303	25
0.479911	6
-0.440666	10
-0.346595	16
-0.065361	39
-0.249339	22
0.009844	38
-0.434862	8
-0.074110	39
-0.297889	20
-0.290815	21
-0.063731	40
-0.290901	22
0.239445	21
-0.054831	24
-0.357276	16
0.049905	35
0.152785	25
-0.020522	43
-0.118898	31
0.153567	26
0.266802	30
-0.154350	27
-0.050835	25
0.210696	22
0.143978	33
-0.018343	30
0.154801	27
-0.311525	14
-0.305345	19
-0.314616	15
0.133219	36
-0.033829	35
-0.300696	20
-0.345975	17
-0.327105	22
-0.110719	32
0.192959	21
0.036216	34
0.006660	39
0.111429	23
-0.189894	28
-0.166458	30
-0.178126	25
-0.269301	17
0.130233	37
0.167865	29
0.280865	18
0.183661	27
0.301469	19
0.239406	22
0.004745	40
-0.107440	27
-0.046035	29
-0.454542	13
-0.125291	27
-0.094653	26
0.331682	12
0.164878	30
0.275399	21
0.198755	22
-0.127632	28
0.164953	31
-0.012067	31
-0.346576	18
0.266590	31
0.223728	18
-0.180353	29
-0.049797	30
0.399595	16
0.055675	38
-0.272292	17
0.419641	10
-0.232804	25
-0.264950	18
-0.239093	26
-0.052062	26
0.485384	7
0.480108	8
-0.335496	14
0.150745	28
0.014189	29
-0.439915	9
-0.338139	15
-0.016244	32
-0.137958	27
0.335499	13
0.342729	27
-0.224193	24
0.357453	16
-0.156148	28
-0.326052	23
0.203523	28
-0.422208	13
0.281633	19
-0.111856	33
-0.050281	27
-0.190687	27
-0.180895	30
-0.002882	35
0.164122	32
0.404340	11
0.091585	24
0.292127	21
0.358247	17
-0.316854	16
-0.045167	31
-0.081678	27
-0.162376	31
0.057189	39
0.011834	30
-0.034439	36
-0.123098	29
-0.442248	11
-0.180757	31
-0.052238	28
0.410199	11
0.314687	20
-0.026541	44
-0.477350	4
-0.125830	30
0.336415	14
-0.097904	27
0.131105	38
-0.005040	36
-0.313839	17
-0.235000	27
0.292579	22
-0.465489	10
-0.159429	29
-0.182728	32
-0.379063	13
-0.441783	12
0.288621	20
0.342041	28
0.229306	19
0.019879	31
0.252702	27
-0.363997	18
-0.152651	30
-0.073574	40
0.020795	33
0.160500	33
0.369084	17
-0.158307	31
-0.051315	29
-0.213743	19
-0.191768	28
-0.034114	37
-0.023483	45
-0.133197	28
-0.123008	31
0.092271	25
-0.047132	32
-0.101369	28
0.283755	21
-0.411314	11
-0.390757	11
-0.236804	28
0.031224	35
-0.405257	8
-0.147012	21
0.087503	27
0.374030	16
-0.035301	38
-0.125327	32
0.379518	17
0.205040	29
-0.353254	17
-0.369144	19
-0.010249	33
-0.271759	18
0.180233	28
0.017345	32
0.416493	12
0.087308	28
-0.077081	41
0.362592	18
-0.245052	23
-0.045649	33
-0.158281	32
-0.145409	22
-0.280972	21
0.316919	21
-0.007964	37
-0.080851	28
0.091559	26
0.031552	36
0.072210	31
0.487082	9
0.429315	11
0.002363	41
-0.075773	42
0.036132	37
-0.080127	29
-0.145820	23
-0.203620	32
-0.274528	19
0.487454	10
0.224320	20
-0.161262	32
-0.120614	33
0.257842	28
-0.239985	29
0.200605	30
-0.320944	24
-0.424743	14
0.005319	42
-0.033943	39
0.046007	36
-0.231567	30
-0.105249	29
-0.038415	40
0.378847	18
-0.194537	29
0.362587	19
0.036569	38
-0.273116	20
-0.018889	34
-0.052635	30
-0.249583	24
0.302487	20
-0.139814	29
0.319349	22
0.258661	29
0.139941	39
0.102375	33
-0.076894	43
0.218160	23
0.322432	17
0.113716	24
0.036202	39
-0.359119	18
-0.425658	15
-0.328955	25
-0.087199	30
-0.027648	46
-0.087725	31
0.056730	40
-0.198561	30
0.395159	17
-0.161271	33
-0.344590	19
-0.331872	16
0.186417	29
0.018471	33
-0.004231	38
-0.231899	31
0.106031	34
-0.022513	47
-0.142772	24
-0.212774	20
0.076736	32
-0.165605	34
0.157216	29
-0.126647	34
0.110091	25
0.108886	35
0.009607	43
-0.126223	35
0.482250	11
0.329961	18
-0.115375	34
-0.194637	31
0.355224	18
0.289871	22
-0.185510	33
-0.065126	41
-0.475998	5
0.024512	34
-0.078992	44
-0.028391	48
-0.426395	16
-0.027867	49
-0.452240	14
-0.006613	39
0.194765	23
0.287507	23
0.214767	24
-0.070958	45
0.154301	30
0.252961	30
-0.438449	10
0.201707	31
-0.489285	11
-0.059833	31
0.016913	34
-0.079248	46
-0.279341	21
0.095739	27
0.257162	31
-0.086066	32
-0.426169	17
-0.021324	50
0.044848	37
0.018750	35
-0.182155	34
0.197107	24
-0.370266	14
-0.372669	15
-0.089123	33
-0.244092	25
0.204565	32
0.103942	36
-0.277124	22
-0.259581	14
-0.266967	19
-0.428577	18
0.035185	40
-0.107227	30
0.246780	31
0.180058	30
0.313444	23
-0.024866	51
0.293693	23
-0.025569	52
-0.316552	18
0.058895	41
-0.064773	42
0.299626	24
-0.388016	14
0.213745	25
0.157913	31
-0.113992	35
0.237357	23
-0.006324	40
-0.211310	21
0.150413	32
-0.201191	33
0.467088	11
0.027638	35
0.144528	34
-0.085120	34
0.382657	14
-0.038576	41
0.189558	31
0.070837	33
-0.215672	22
-0.334381	17
0.115228	26
-0.216707	23
0.445662	9
0.102246	37
0.074838	34
-0.370094	16
-0.269936	20
-0.300775	21
0.270973	22
-0.238978	32
-0.481484	12
-0.038160	42
0.306233	21
-0.058651	32
0.104017	38
-0.035261	43
-0.207749	34
-0.305426	22
-0.462137	11
-0.011400	35
0.188806	32
0.308686	22
0.065660	29
0.189166	33
0.448745	10
0.489086	12
0.170412	28
0.008916	44
-0.011847	36
0.269808	32
-0.059768	33
0.174894	29
-0.164542	35
-0.204627	35
0.469011	12
0.421480	12
0.139331	40
-0.386467	15
-0.419564	12
0.068481	30
-0.369143	20
-0.455612	15
-0.194368	32
-0.062266	43
0.034771	41
-0.304096	23
-0.283860	22
-0.293935	23
-0.228681	25
-0.257550	15
-0.411688	13
0.239238	24
-0.405773	9
0.321885	19
0.385086	15
-0.206972	36
0.366083	20
0.376062	19
-0.209857	37
-0.227209	26
0.215605	26
0.234564	25
0.187858	34
-0.020521	53
0.320940	20
0.242668	32
0.426779	13
0.150892	33
0.176482	30
-0.220458	27
-0.466745	12
-0.114702	36
0.335360	15
0.285765	24
0.091462	28
0.335875	16
0.080617	29
-0.239212	33
0.287513	25
0.161760	34
0.293778	25
-0.235670	34
0.388134	16
0.240558	33
0.212487	27
-0.120842	36
0.047554	38
-0.080774	35
-0.388501	16
-0.467557	13
0.172172	31
0.250770	32
-0.259789	16
0.087779	30
-0.080979	36
-0.175312	26
0.031639	42
-0.307121	24
-0.055205	34
0.390243	18
-0.400693	10
-0.242687	26
-0.125521	37
0.050836	42
-0.344997	20
0.333347	17
0.055479	43
-0.024448	54
0.204973	33
0.108864	39
0.369703	21
-0.427871	19
-0.260630	21
-0.061534	44
-0.051388	35
-0.133837	30
0.032277	43
0.465966	13
-0.240971	27
-0.395677	12
-0.157319	33
0.122320	31
0.077120	35
-0.365654	21
0.242158	34
