0.080415	1
0.026847	1
-0.041719	1
0.183841	1
-0.249645	1
-0.169934	1
0.308076	1
-0.044561	2
0.150760	1
-0.370769	1
0.121519	1
-0.011932	1
0.175970	1
0.071310	1
0.084810	2
-0.054291	1
0.034123	1
-0.089099	1
0.082251	3
0.086783	4
-0.116052	1
-0.136636	1
0.030866	2
-0.029418	1
-0.010182	2
0.075395	2
-0.353057	1
-0.199293	1
0.367691	1
0.267643	1
0.375266	1
-0.114709	2
-0.165839	2
-0.071652	1
-0.192968	2
-0.221743	1
0.404386	1
0.146632	1
0.051853	1
0.186012	2
-0.333473	1
0.114803	1
-0.271952	1
0.372355	2
0.130299	1
0.302446	2
0.281008	1
-0.193568	3
-0.133281	2
0.079390	3
-0.089706	2
-0.237011	1
-0.360493	1
-0.221952	2
0.096939	1
0.402045	2
0.019639	1
-0.402265	1
-0.306795	1
-0.024143	2
0.125949	2
-0.075180	2
0.055375	2
-0.269006	1
-0.121261	1
-0.314841	1
-0.330229	2
-0.280812	1
0.072518	4
0.029902	2
-0.215245	1
0.225098	1
-0.101279	1
-0.001518	1
0.092432	2
0.410135	1
0.050087	3
-0.205690	1
-0.026609	3
0.359473	1
-0.070964	3
0.271103	1
-0.126012	2
0.274258	2
-0.197047	4
-0.184711	1
-0.136295	3
0.005670	1
-0.073577	4
0.310564	1
-0.062168	1
-0.264924	2
0.156783	2
0.037878	3
0.055862	4
-0.204426	2
0.380954	1
-0.194994	5
0.358919	2
0.069948	1
0.262620	2
0.037314	4
0.344727	1
-0.330861	3
0.360022	2
-0.122317	3
0.292901	1
-0.092729	1
-0.218170	2
0.226272	2
0.210331	1
0.252009	1
0.316096	2
-0.237021	2
-0.009450	2
0.358876	3
-0.062848	2
-0.156747	1
0.165753	1
0.096093	3
0.222300	3
-0.243862	2
-0.129532	4
0.174636	2
-0.088620	3
-0.170293	1
0.167096	2
-0.180117	2
-0.227022	3
0.321256	1
-0.078037	5
0.072957	5
-0.294765	1
0.483846	1
-0.065341	3
-0.026134	4
-0.374143	2
0.102173	1
-0.046856	3
-0.321550	1
0.036194	5
-0.031704	1
0.111266	2
0.411805	2
-0.037076	2
-0.024812	5
0.189113	3
-0.005600	3
-0.024621	6
0.074521	6
-0.186812	3
-0.016989	3
-0.120143	5
0.034813	6
-0.152443	2
0.076827	7
0.419115	3
0.452544	1
-0.012858	4
0.322418	2
0.244819	1
-0.428962	1
-0.438138	1
0.063673	2
-0.345059	1
0.238521	1
-0.280370	2
-0.165437	3
-0.056934	2
0.232647	2
0.024059	3
-0.229322	4
0.363840	3
-0.319886	2
-0.137343	4
-0.425883	2
0.017135	2
0.258083	2
-0.334055	4
-0.216148	3
-0.067448	4
-0.144971	1
-0.068741	5
-0.269687	3
-0.067121	6
-0.007306	4
0.079114	8
0.214080	2
-0.190582	6
-0.124283	6
0.058767	5
0.071171	9
0.018729	3
-0.207181	3
-0.470816	1
0.164497	3
-0.344367	2
0.220725	4
0.449371	1
0.171837	3
-0.187998	4
0.307771	3
-0.158333	3
0.463470	1
-0.165773	4
-0.048070	4
0.245242	2
-0.239352	3
-0.175648	2
0.107573	2
-0.354239	2
-0.030865	3
0.045868	1
-0.265140	4
-0.054298	3
-0.218043	4
-0.287505	3
-0.098640	2
0.221044	5
0.068267	3
0.040791	2
-0.108487	2
0.027148	4
0.148881	2
0.258457	3
-0.035344	4
-0.237152	4
0.116007	3
-0.033748	5
-0.176420	3
0.026044	5
-0.083211	4
0.001235	2
-0.011237	5
-0.163424	5
-0.173764	4
0.447169	2
0.095905	4
0.114173	4
0.295060	2
0.317330	3
0.215283	3
-0.059217	4
0.277821	3
0.248340	3
-0.029596	7
0.396900	1
-0.461076	1
-0.388366	1
-0.117778	3
0.067135	4
0.187061	4
-0.361490	2
-0.284004	4
-0.088827	5
0.156740	3
0.033375	7
-0.074036	6
0.025723	6
0.101900	3
-0.028135	8
-0.300692	2
-0.144310	2
0.387056	2
-0.178613	5
-0.365246	3
-0.375660	3
0.059314	6
-0.207066	4
0.088703	5
0.182793	5
0.141423	3
-0.220335	5
-0.086780	6
0.443788	3
0.148333	4
0.390064	2
-0.042476	5
0.336343	1
0.235593	3
0.222891	6
-0.272878	2
-0.144794	3
0.011984	4
-0.250339	1
-0.017350	6
0.084760	6
-0.127909	7
0.087666	7
-0.002300	5
-0.143479	4
0.061753	5
-0.123878	8
0.071315	10
0.058266	7
0.042535	3
0.109458	4
0.175990	4
-0.152501	4
0.071585	11
0.198146	1
-0.068895	7
-0.145656	5
-0.360657	4
-0.251247	2
0.053842	8
-0.101722	3
0.382656	3
0.411895	4
0.038520	8
-0.204348	5
-0.459490	1
0.398258	3
-0.287970	5
-0.010565	7
0.080608	8
0.132821	2
0.296809	3
-0.117810	4
0.444549	4
0.170943	5
-0.222686	6
-0.120051	9
-0.244975	3
-0.006564	6
-0.001638	7
-0.049053	6
-0.228328	7
0.155512	4
0.417719	5
0.248980	4
-0.126383	10
-0.011796	8
0.487957	2
0.105993	5
0.168149	4
-0.271261	3
0.178281	6
-0.313882	3
-0.245109	4
-0.050216	5
0.116442	5
0.212216	4
-0.437080	2
-0.085856	7
-0.253762	3
-0.239601	5
-0.024544	9
0.217026	5
0.403247	3
0.470339	1
-0.415633	1
-0.375775	4
0.091833	5
0.406802	4
-0.094565	3
-0.081038	8
0.282919	2
0.244998	5
0.249353	6
-0.106782	4
-0.404067	2
-0.081313	9
-0.410555	2
0.345436	2
-0.140156	6
0.030172	9
-0.232082	6
-0.232556	7
0.172914	7
0.075381	12
0.049167	4
-0.058718	6
0.221853	7
0.014961	5
-0.321284	2
-0.015379	9
-0.231561	8
0.254652	4
-0.038794	6
0.058500	9
0.423977	1
0.248670	7
0.219661	6
-0.139182	5
0.229217	8
-0.348223	3
0.346644	3
0.072638	13
-0.118110	5
0.023490	7
0.262104	3
0.123054	3
-0.205298	6
-0.031419	7
-0.178660	6
0.318423	4
0.205239	1
0.327543	3
-0.097269	4
0.327605	4
0.292289	4
0.260665	4
-0.133249	6
0.399907	4
0.340154	4
0.127581	4
0.010478	6
-0.315221	4
-0.445462	1
0.071603	14
0.195819	2
0.280781	3
0.125312	5
-0.096445	5
0.255907	5
-0.106573	5
-0.137915	7
-0.062920	8
-0.028577	10
-0.306362	3
0.215548	7
0.461422	2
0.019747	7
0.163368	5
-0.342374	4
0.213023	8
0.148426	5
0.228383	9
-0.267889	5
-0.137304	8
-0.040574	7
-0.352965	3
-0.410725	3
0.318973	5
-0.240932	5
0.120270	6
0.109935	6
0.462843	3
-0.088698	10
-0.062854	9
0.008295	3
-0.056322	7
-0.301338	4
-0.382164	2
0.336446	2
0.409362	5
-0.453081	2
0.364428	4
-0.144867	7
-0.344891	5
-0.301180	5
0.127036	7
-0.185733	5
-0.279115	4
0.338841	3
0.037464	10
0.361538	5
-0.037380	8
0.354136	4
-0.077059	7
0.012825	8
0.347265	5
0.236106	4
-0.317202	5
0.188880	6
-0.257366	4
0.039775	11
-0.182535	6
-0.399778	1
0.047402	5
-0.108552	6
-0.272468	5
-0.072135	8
-0.069376	10
0.108375	7
-0.059657	8
-0.103967	7
0.117059	6
0.498147	1
-0.346614	6
-0.382323	3
0.285688	4
-0.289293	6
0.238734	5
-0.038300	9
-0.285480	7
-0.132686	9
-0.296676	2
0.115231	7
0.067432	6
0.010483	9
-0.065444	11
0.322402	5
-0.230637	9
-0.160459	6
0.138599	3
0.148537	6
0.065328	7
-0.422275	3
0.011936	10
0.083257	9
0.133144	4
-0.106223	8
0.127123	8
0.175311	8
0.156067	5
0.166954	6
-0.011175	10
0.078506	15
0.267945	5
-0.352809	4
-0.402664	3
-0.135496	10
0.436031	1
-0.251237	5
-0.340744	7
-0.227572	8
-0.349972	8
0.366654	6
0.328083	6
0.246106	8
-0.208559	7
-0.099543	6
0.030642	12
0.357496	5
0.485575	3
-0.260903	6
-0.150242	5
0.023105	8
-0.068804	12
-0.341046	9
-0.148728	8
0.124344	9
-0.344559	10
-0.063574	13
-0.213024	5
0.061230	8
-0.359876	5
-0.463632	2
-0.486735	1
-0.044619	8
-0.010470	11
-0.089008	11
0.265098	6
0.344129	6
0.389706	4
0.350803	6
0.094769	6
0.047778	6
-0.129246	11
-0.131981	11
0.045336	7
0.194122	3
0.172005	9
0.301016	4
0.160286	7
0.288995	5
-0.263683	7
0.080774	10
-0.196833	7
0.264318	7
0.009431	4
0.125975	10
0.238349	6
-0.028336	11
0.065704	9
0.085581	11
-0.098743	7
0.135923	5
0.178349	10
0.035275	13
-0.275745	6
0.281168	6
-0.153175	6
-0.167674	7
0.161000	8
-0.118537	6
-0.364340	5
-0.200025	8
-0.052145	9
0.188003	7
-0.008909	8
0.040100	8
-0.184565	7
-0.440551	2
-0.011766	12
0.007851	5
-0.400712	4
0.113078	8
-0.285241	8
0.049863	9
0.191048	4
0.022310	9
-0.082733	12
-0.088192	13
-0.408043	5
-0.103728	9
0.371359	3
0.134597	6
0.422682	2
0.112245	9
0.063205	10
-0.429427	4
0.415888	6
0.056944	10
0.293442	5
-0.393073	2
-0.244629	6
0.138663	7
-0.271049	7
-0.195198	8
0.388178	5
-0.011145	13
-0.100886	10
-0.197523	9
-0.049819	9
0.325528	7
0.200990	2
0.146230	7
0.259238	6
-0.177732	7
0.438337	2
-0.031396	10
0.108364	8
0.096557	7
0.314770	6
-0.270821	8
-0.156124	7
0.005704	6
0.249069	9
0.050088	11
-0.277322	9
-0.037186	11
-0.138311	12
-0.368637	6
0.203962	3
0.460346	4
0.175556	11
0.372847	4
0.453392	2
0.120640	11
-0.033930	12
-0.245388	7
0.159520	6
0.374121	5
0.120276	12
0.174754	12
-0.025369	12
-0.352784	6
-0.379313	5
-0.058561	10
-0.217552	6
-0.084865	14
-0.225818	9
0.201840	4
0.167183	9
-0.330350	5
0.128960	13
-0.006606	9
-0.414219	4
-0.422981	5
0.396922	5
0.319717	7
0.063497	11
0.117345	10
-0.110461	7
0.059754	12
-0.136221	13
0.123143	14
0.118978	11
-0.236477	10
0.352750	7
0.158649	7
0.352005	8
-0.165135	8
-0.056569	11
0.291462	6
-0.222237	10
-0.022062	13
0.333650	4
-0.042687	10
-0.267402	8
0.306655	5
-0.339178	6
0.315704	8
0.340038	7
-0.319997	6
0.238777	7
-0.295160	3
0.441073	5
-0.191266	10
0.025036	10
0.086665	12
0.191415	5
-0.375060	6
0.061144	12
-0.304300	6
0.040621	10
-0.330918	7
0.118213	12
0.245926	10
0.071119	16
0.076774	17
0.100867	9
0.256315	7
0.291317	7
-0.135649	14
-0.318572	7
0.244686	11
-0.260240	9
0.085056	13
-0.115668	8
0.291722	8
-0.069966	14
-0.433120	3
-0.049585	11
0.299313	9
0.062278	13
0.225958	10
0.286961	7
0.059021	13
0.127879	15
-0.096649	8
0.193174	6
0.487820	4
-0.096655	9
-0.309373	7
0.241881	12
-0.185744	8
-0.414984	5
0.035428	14
-0.214477	7
-0.140524	9
-0.185511	9
-0.112662	9
0.098648	8
0.145166	8
0.367731	7
-0.119773	10
0.333218	5
0.413424	7
-0.139158	15
-0.260711	10
-0.109675	11
0.201020	5
-0.258004	6
-0.180755	10
-0.091460	10
-0.041561	12
-0.129317	12
-0.402043	6
0.143450	9
-0.221802	11
-0.125243	13
-0.250571	7
-0.185703	11
-0.092636	11
-0.064582	15
0.022138	11
-0.298647	4
0.336879	6
-0.220742	12
-0.003878	10
0.240594	13
0.195044	7
0.077157	18
-0.328308	3
-0.153818	8
-0.123039	14
-0.280639	9
-0.451459	3
-0.103081	12
-0.255288	8
0.363359	8
-0.154642	9
-0.228372	13
-0.147987	10
-0.437822	4
-0.046578	13
-0.142605	11
-0.422375	6
0.228672	11
0.274063	4
0.023232	12
0.176927	13
-0.304231	8
0.030417	15
0.167460	10
-0.300867	9
-0.001385	11
0.301337	6
-0.314825	8
0.331534	7
0.031700	16
0.163838	11
0.260000	8
-0.177352	8
-0.084663	15
-0.047409	14
-0.084726	16
-0.147627	12
0.289172	8
0.169176	12
0.078720	19
-0.122590	15
0.255084	8
0.098011	9
0.079596	20
0.149302	10
0.027247	13
0.465859	5
-0.237624	11
0.274706	5
-0.329887	4
0.251516	9
-0.101056	13
-0.259075	9
0.142124	11
0.234910	8
-0.267324	11
-0.092117	12
0.182275	8
0.437289	3
-0.288995	10
-0.266940	12
0.416351	8
0.380583	6
0.222294	12
-0.037872	13
-0.047140	15
-0.397189	3
0.413888	9
-0.189192	12
-0.033675	14
0.276971	6
0.239721	9
0.153841	8
-0.164499	9
-0.016308	14
-0.254089	10
-0.050111	12
-0.333049	8
0.278063	7
0.077493	21
-0.009250	12
-0.332411	9
-0.208840	9
-0.254970	11
0.061569	14
-0.171187	9
-0.160885	10
0.056070	14
-0.108883	14
-0.357777	7
-0.085851	17
0.117953	13
-0.159639	10
0.156145	9
-0.189459	13
-0.316069	9
-0.310464	10
-0.006634	13
0.323478	8
0.138711	8
-0.201311	10
0.176835	14
0.137349	9
-0.311417	11
0.069682	15
-0.263481	13
0.399487	6
-0.338920	10
-0.163686	11
-0.248078	8
-0.313998	12
0.203213	6
0.065127	16
0.242710	14
0.211784	9
0.110819	14
-0.056925	13
-0.065076	16
-0.000246	14
0.167895	13
0.230072	10
-0.327998	5
0.322623	9
0.248354	15
0.202248	7
0.059790	15
0.175640	15
-0.041643	16
-0.230293	12
-0.444059	3
-0.315138	13
-0.000791	15
-0.229671	14
0.076700	22
0.085594	14
-0.218196	8
0.020065	14
-0.358445	8
0.423693	3
-0.066848	17
0.280362	9
0.216842	10
-0.052595	14
0.477277	2
0.162118	14
-0.413954	6
-0.371197	7
-0.153848	11
0.366342	9
-0.067991	18
-0.256964	12
-0.219399	9
0.169398	15
-0.077773	9
0.280157	10
-0.171991	10
0.198670	8
-0.281544	11
-0.344436	11
-0.002540	16
-0.165386	12
0.199599	9
0.062276	17
-0.030096	15
0.190243	10
-0.051054	15
-0.148692	13
0.310112	9
-0.193791	11
0.340398	8
0.429151	4
0.224350	13
0.113349	15
-0.339190	11
-0.198097	12
0.489603	5
-0.041273	17
0.162135	16
0.054576	16
0.215462	11
0.348918	9
0.031811	17
-0.034104	16
-0.488813	2
-0.305103	10
0.257645	10
-0.070904	10
0.130918	10
0.135779	11
0.331436	8
0.403858	6
0.003716	7
0.214307	12
-0.419121	7
0.249934	16
-0.095171	13
-0.118320	11
-0.147335	14
-0.083750	18
-0.224795	15
0.461828	6
-0.418601	8
-0.077277	11
0.319542	10
0.295926	10
0.219078	13
-0.097530	14
0.186357	9
-0.147685	15
0.086830	15
-0.041258	18
-0.166266	13
-0.496785	1
0.144489	12
-0.184545	14
-0.243612	9
-0.231370	13
0.071784	23
0.171759	16
0.259407	11
0.030409	18
-0.247169	10
-0.170770	11
0.075177	24
0.053820	17
0.085790	16
-0.033727	17
0.035134	19
0.081465	17
0.068895	18
0.260851	9
0.401360	7
-0.175843	12
-0.155563	12
-0.060044	19
0.144580	13
-0.391453	4
-0.204138	11
-0.081395	19
0.242622	17
-0.435605	5
0.112942	16
0.216109	14
0.099754	10
0.296541	11
-0.219954	10
-0.406509	7
0.009099	8
-0.173495	13
0.178198	17
-0.205044	12
0.101504	10
0.129724	16
-0.154021	13
-0.057534	16
0.266551	10
-0.066215	20
-0.185751	15
-0.412504	9
-0.129010	16
-0.277043	10
0.120343	17
0.315518	11
0.079096	25
0.289950	11
-0.054639	17
0.055025	18
0.115619	17
0.091104	11
0.443807	6
0.271813	8
0.112629	18
0.094975	12
-0.172720	14
0.241780	18
-0.180040	16
-0.074643	12
0.021750	15
0.234821	11
0.150385	10
0.099855	13
0.272841	9
-0.058778	18
0.186993	10
-0.002880	17
-0.007926	18
-0.328832	6
0.141026	14
0.060281	19
-0.308403	11
0.221924	14
-0.275245	11
0.071847	26
-0.213862	11
-0.364037	7
0.033326	20
0.152955	11
-0.116847	12
0.091065	14
-0.111665	13
-0.149918	16
-0.331617	12
0.280460	12
0.100881	11
0.452941	3
-0.309571	12
-0.170849	15
0.498294	2
-0.333289	13
-0.451730	4
-0.044620	19
-0.065202	21
0.213791	15
0.242472	19
-0.060733	22
0.463584	7
0.415918	10
0.042092	11
-0.172689	16
0.444999	7
0.339856	9
-0.246130	11
-0.399188	5
-0.037962	18
-0.026382	14
-0.154866	14
-0.029565	15
-0.150613	15
0.273023	10
0.039037	21
-0.405530	8
0.004395	9
-0.295465	5
-0.395963	6
0.124399	18
-0.065780	23
-0.351407	9
0.012143	11
0.282167	13
-0.227862	16
0.008654	10
0.173966	18
-0.326060	7
-0.156197	16
-0.091726	15
-0.152510	17
0.116370	19
0.072488	27
0.286185	14
0.424412	5
0.178820	19
-0.134343	16
-0.289875	12
0.061203	20
-0.246102	12
-0.066049	24
0.342430	10
-0.240257	13
0.395516	7
-0.024656	16
-0.198064	13
0.140531	15
-0.210223	12
0.292361	12
-0.122693	17
0.000869	11
0.331186	10
-0.201137	13
0.046251	12
-0.227067	17
0.225103	15
-0.443060	4
-0.025614	17
0.233279	12
0.280489	15
-0.007134	19
-0.183552	17
0.301606	7
-0.180020	18
0.072021	28
0.247134	20
-0.266831	14
-0.073348	13
-0.267018	15
0.481804	6
0.091901	15
-0.350072	10
0.157095	12
0.076630	29
-0.023206	18
0.040098	13
-0.190450	14
0.121540	19
0.126985	20
0.280346	16
0.077756	30
-0.097143	16
-0.148525	17
0.078886	31
-0.025370	19
0.243518	21
-0.184557	19
-0.262449	16
0.202511	8
-0.131761	17
-0.159190	18
0.324967	10
0.216962	16
-0.228741	18
-0.187201	20
-0.085382	20
-0.100945	15
0.148316	16
0.189130	11
-0.039335	19
-0.278830	12
0.472855	3
-0.116459	14
0.068898	21
0.404722	8
0.063003	22
0.384086	7
0.270204	11
-0.160446	14
-0.055971	19
-0.136630	18
-0.050830	20
0.236283	13
0.099788	16
0.333627	11
0.081926	18
-0.029537	20
0.040603	14
0.074029	32
-0.044307	20
0.116336	20
0.208367	9
-0.006628	20
0.074447	33
0.046390	15
-0.104653	16
-0.343753	12
-0.220313	19
-0.334167	14
-0.393264	7
0.280348	17
-0.259036	13
0.359334	9
-0.452601	5
0.056444	19
0.180742	12
0.003708	12
0.076815	34
-0.157315	19
0.019366	12
0.222498	16
-0.030371	20
0.335782	12
-0.199048	15
-0.016857	15
0.074408	35
0.057039	20
0.306937	8
0.214612	17
0.354261	10
-0.249702	14
-0.420034	7
0.174592	20
-0.404831	9
-0.453905	6
0.184062	13
0.334397	13
0.417581	11
-0.261297	17
-0.046564	21
0.185834	14
-0.201312	14
-0.005516	21
0.155956	13
0.105639	12
-0.203917	15
0.005003	13
-0.059381	21
-0.057088	22
0.217391	18
0.181717	15
-0.020625	21
-0.324366	8
0.149975	17
-0.437921	6
-0.001383	22
-0.276499	13
-0.352269	11
0.331192	14
-0.358693	12
0.295321	13
-0.076550	14
0.341483	11
-0.294662	6
-0.324727	9
-0.244838	15
0.319874	12
0.185897	16
0.209445	10
-0.321579	10
-0.289983	13
0.347889	12
-0.284572	14
-0.395723	8
0.097232	17
-0.224198	20
-0.122417	18
0.423350	6
-0.141905	18
0.110911	21
-0.198331	16
0.333137	15
0.119585	22
-0.291556	7
0.236767	14
-0.095257	17
-0.007866	23
-0.132149	19
-0.407787	10
0.021071	16
0.356249	11
0.048184	16
0.104799	13
0.023443	17
0.491392	3
0.161146	17
-0.197034	17
-0.284177	15
0.210994	19
0.298129	14
-0.261025	18
-0.249887	16
-0.485182	3
-0.094282	18
-0.162389	15
-0.397916	9
0.209513	11
0.419087	12
0.032351	22
0.190370	11
-0.018412	16
0.030752	23
-0.480420	4
0.214526	20
0.099663	18
-0.307184	13
-0.250469	14
0.114995	23
0.425640	7
-0.106151	17
0.321827	11
-0.307760	14
-0.317466	14
0.367867	10
0.087618	19
-0.102003	18
-0.284158	16
0.111005	24
0.124062	21
0.294315	15
-0.019115	17
-0.394379	10
0.170101	21
-0.127642	19
0.005673	14
-0.256245	15
0.101532	14
-0.191054	18
-0.207362	16
-0.223514	21
0.048896	17
0.121630	22
-0.408694	11
0.302311	9
0.222873	17
0.079364	36
0.051329	21
0.158326	14
0.497754	4
-0.047765	22
-0.042940	23
0.034925	24
-0.026110	22
-0.182896	21
0.360890	11
0.028262	18
0.449040	8
0.051966	22
-0.104894	19
0.107152	15
0.166007	18
-0.285026	17
0.244161	22
0.377882	6
-0.273227	14
-0.224112	22
-0.006197	24
-0.274319	15
-0.381468	4
-0.068261	25
0.304392	10
0.140564	18
-0.075671	15
0.383205	8
-0.062439	26
-0.006111	25
0.289302	18
0.272000	12
0.267602	11
0.435564	4
-0.075365	16
-0.362724	8
0.127999	23
0.092118	19
-0.458366	7
0.118779	25
0.111718	26
-0.499569	2
-0.463555	3
0.201934	12
0.261679	12
-0.187542	22
0.465783	8
-0.051850	23
0.304489	11
-0.110895	15
0.117658	27
-0.213801	13
-0.185749	23
-0.426030	8
0.390664	8
-0.301854	15
0.381556	9
0.394813	9
0.074154	37
-0.161666	16
0.020484	19
0.226806	18
-0.121827	20
-0.442976	5
0.355221	12
-0.492162	3
0.327566	12
0.021412	20
0.203697	13
-0.142149	19
-0.118628	16
0.355359	13
0.037529	25
-0.105185	20
0.245100	23
-0.128964	21
0.178298	22
0.228836	19
0.311341	13
0.336799	16
0.256396	12
0.200675	14
0.131323	12
0.409830	9
0.156736	15
-0.087550	21
-0.286844	18
-0.319262	15
0.266477	13
-0.212520	14
0.307430	12
0.143892	19
-0.189219	24
-0.276789	16
0.370427	7
0.292137	16
-0.017307	18
0.163060	19
0.152751	16
0.255858	13
0.107037	16
-0.042520	24
-0.174298	17
-0.168547	17
-0.408377	12
-0.374614	8
-0.132433	20
-0.016840	19
0.183096	17
-0.004393	26
0.092607	20
-0.102180	21
0.160463	20
0.035698	26
-0.303022	16
-0.179361	18
0.152083	17
-0.468720	4
-0.021850	23
-0.241635	17
-0.265971	19
0.037857	27
-0.074438	17
-0.065613	27
-0.129572	22
-0.107428	22
0.219538	21
0.155256	18
0.246026	24
-0.420877	9
0.476807	4
-0.208331	17
0.219168	22
-0.332358	15
0.454396	4
-0.155439	20
-0.042487	25
0.269002	14
0.154994	19
-0.248878	18
-0.015867	20
0.305574	13
-0.466934	5
-0.272385	17
0.073441	38
0.218261	23
0.237540	15
-0.239260	14
0.122630	24
0.190663	12
-0.343016	13
-0.055812	24
0.044511	18
-0.386502	5
-0.417526	10
0.121561	25
0.367499	12
-0.018620	21
-0.266866	20
-0.271585	18
-0.055510	25
0.010452	13
0.457184	5
-0.290292	8
0.350376	14
0.399446	10
0.032353	28
-0.372228	9
-0.110968	17
0.297944	17
0.407103	10
-0.125599	23
-0.300359	17
0.153409	20
0.370727	8
0.376103	9
0.011863	14
-0.068007	28
0.243597	25
0.061281	23
-0.062900	29
-0.068391	30
-0.074710	18
0.066006	24
-0.057234	26
0.053000	23
-0.226154	23
0.282337	19
0.271575	13
-0.283939	19
0.156986	21
0.035441	29
-0.328128	11
0.354883	15
0.168113	21
0.124590	26
0.239122	16
0.359116	16
0.120407	27
-0.164980	18
-0.235040	15
-0.213239	15
-0.047361	26
0.117606	28
0.138984	13
-0.374321	10
-0.204819	18
-0.122429	24
0.130934	14
-0.101543	23
-0.125011	25
0.173526	23
-0.357805	13
-0.485520	5
-0.421337	10
0.139740	15
0.277894	14
-0.104083	24
0.094502	21
-0.046485	27
0.076377	39
-0.071191	19
0.135409	16
0.380142	10
0.454534	6
0.290190	18
-0.186120	25
0.124222	28
0.126073	29
0.001994	15
0.441286	9
0.023015	21
0.163278	22
-0.356163	14
0.215864	24
-0.365605	9
-0.293400	9
0.081444	20
-0.438261	7
-0.017278	22
0.185257	18
-0.355842	15
0.189524	19
0.302823	14
0.234780	17
0.048430	19
0.251231	14
0.105872	17
-0.139264	21
0.388120	11
0.093428	22
0.156607	22
0.272436	15
-0.349054	14
0.458664	7
-0.290977	10
-0.339393	16
0.104128	18
-0.208939	19
0.042604	20
0.378985	10
0.008652	16
0.332709	17
-0.320964	12
0.230480	18
0.334987	18
0.392471	11
-0.216758	16
0.040913	21
0.313071	14
-0.136644	22
0.291151	19
-0.093472	19
0.119771	29
0.428189	8
-0.075869	20
0.300620	15
0.221182	20
0.164134	23
-0.206669	20
0.199095	13
-0.345825	15
0.362340	13
0.017558	15
-0.189571	26
0.171682	24
0.334650	19
-0.296298	11
0.255791	15
0.074728	40
-0.340655	16
0.295917	20
-0.215542	17
-0.232141	16
0.086418	21
-0.347765	17
0.214887	25
-0.022677	24
0.445297	10
-0.456810	8
-0.133122	23
-0.466208	6
-0.158057	21
-0.214964	18
0.297837	21
-0.246306	19
-0.391529	11
0.117684	30
0.180470	20
0.151184	23
-0.014464	23
0.033939	30
-0.348167	18
0.494265	5
-0.255561	16
-0.157463	22
-0.201729	21
-0.006125	27
-0.107957	25
-0.256900	17
0.087968	22
0.004600	17
0.312720	15
-0.235292	17
0.227567	21
0.205396	15
0.362102	14
0.209122	16
-0.028459	25
0.339039	20
-0.131488	24
-0.012476	24
-0.229025	24
0.007105	18
0.401055	11
0.092340	23
0.123861	30
0.279710	16
-0.498863	4
0.059222	24
0.250584	16
0.067667	25
-0.330119	17
-0.206958	22
0.071508	41
-0.092196	20
-0.046327	28
-0.179258	19
0.170378	25
-0.059059	27
-0.274755	19
0.223735	22
0.338443	21
0.202015	17
0.153676	24
0.192670	14
-0.022165	26
-0.273585	20
0.178087	26
0.070713	42
-0.072359	21
-0.087853	22
0.366780	15
-0.208344	23
-0.078121	22
-0.256587	18
-0.108469	26
-0.110442	18
-0.196025	19
-0.393118	12
-0.228406	25
0.342260	13
0.118344	31
-0.153333	23
-0.278853	21
-0.055600	28
-0.028601	27
-0.018037	25
0.378803	11
0.068117	26
-0.141059	20
0.223919	23
-0.062497	31
0.022782	22
-0.030028	21
-0.320807	13
-0.269933	21
-0.006141	28
0.251792	17
-0.355533	16
-0.385992	6
0.366668	16
0.144084	20
0.127029	31
-0.266105	22
0.103231	19
0.438146	5
0.166367	24
0.357078	17
-0.293616	12
0.184161	21
0.314590	16
-0.352605	17
0.197716	15
0.210887	26
-0.140783	21
-0.105190	27
-0.321848	14
-0.068616	32
0.020825	23
-0.054773	29
0.163146	25
0.214350	27
-0.040357	29
0.096042	24
0.314295	17
0.120159	32
0.015406	16
0.250218	18
-0.173033	20
-0.361519	10
0.329736	13
-0.116561	19
0.150613	25
0.034060	31
0.203061	18
-0.092290	21
0.197215	16
0.197438	17
0.158875	26
0.344887	14
0.252106	19
0.051991	25
0.087486	23
-0.045294	30
0.062813	27
-0.168366	19
0.031921	32
0.105267	20
0.245172	26
-0.413982	11
-0.178428	21
0.351865	18
0.302334	16
0.113971	32
0.257727	20
-0.154688	24
-0.311535	16
0.120709	33
-0.057094	30
0.140625	21
0.055606	26
-0.239864	18
0.132551	17
0.013386	17
-0.057000	31
0.296609	22
0.416594	13
-0.008047	29
0.061489	28
0.347788	15
0.141645	22
0.010651	18
-0.295639	13
-0.181917	27
0.041647	22
0.259610	21
-0.486695	6
-0.114943	20
0.297834	23
0.182491	22
-0.045980	31
0.259131	22
0.225257	24
0.169899	26
0.283594	20
-0.145881	22
0.171642	27
-0.321802	15
0.115544	33
0.319333	18
0.164994	27
-0.304092	18
-0.031016	22
0.144556	23
0.114475	34
-0.093182	22
0.280314	21
0.228221	25
0.147613	24
-0.308132	19
0.063925	29
0.279722	17
0.213848	28
-0.061280	33
0.062978	30
-0.214595	19
-0.298892	14
0.297924	24
0.292161	25
0.127578	34
-0.101371	28
0.301511	17
-0.075483	23
0.050229	27
0.258936	23
0.174933	28
0.406592	12
0.133923	18
-0.340077	19
0.271559	18
-0.113638	21
-0.300883	20
0.038443	33
-0.390490	13
-0.072816	24
-0.032155	23
0.071088	43
0.297519	26
0.152318	27
0.156249	28
-0.081018	23
-0.177292	22
0.252369	24
-0.116615	22
0.117406	35
0.315813	19
0.376230	12
0.392580	12
0.409184	13
-0.201957	24
0.062439	31
-0.211940	20
0.071254	44
0.176452	29
-0.329841	16
0.117580	36
0.052407	28
0.260474	15
-0.383740	7
-0.148354	23
-0.023779	28
0.210044	29
-0.212050	21
0.224881	26
-0.279069	22
0.409412	14
-0.058938	32
-0.418851	12
-0.060861	34
0.144815	25
-0.044658	32
0.050441	29
-0.247413	20
-0.371418	11
0.102503	21
-0.213272	22
0.093253	25
0.281974	22
0.337514	22
0.446702	11
-0.015349	26
-0.188253	28
-0.390685	14
-0.212596	23
-0.028884	29
0.084270	24
-0.170609	23
0.185023	23
-0.054495	33
-0.173301	24
-0.226353	26
-0.333937	18
0.130612	19
-0.326227	17
0.003681	19
-0.266071	23
-0.071799	25
-0.224996	27
-0.106584	29
-0.089021	24
0.336777	23
-0.358893	18
-0.261946	24
0.461985	9
0.140587	26
-0.264076	25
0.123414	35
0.141843	27
0.331154	24
0.482093	7
-0.196167	20
0.104209	22
-0.112715	23
-0.306909	21
-0.469236	7
-0.342806	20
-0.186958	29
-0.351752	19
-0.187424	30
-0.034792	24
0.438143	6
-0.025737	30
0.107963	23
0.208097	19
-0.069831	35
-0.318841	17
-0.021725	31
0.064770	32
0.148787	28
0.138749	20
-0.480739	7
-0.278652	23
-0.338015	19
0.188882	24
0.282875	23
-0.143237	24
0.227698	27
-0.130000	26
-0.063694	36
0.032645	34
-0.041119	33
0.424487	9
0.165895	28
0.410131	14
0.084828	25
0.009397	20
0.095087	26
-0.284465	20
-0.325720	18
0.322352	14
0.330030	25
-0.463806	8
-0.266325	26
-0.251478	19
-0.182849	31
0.439130	7
0.118259	37
0.343867	16
-0.056217	34
-0.100420	30
-0.155956	25
0.159555	29
-0.140005	25
-0.378810	12
0.325714	15
0.130067	21
0.401826	15
-0.294643	15
-0.467487	9
-0.262277	27
0.178154	30
-0.287696	21
-0.268980	28
0.098395	27
0.081278	26
-0.278316	24
-0.353862	20
0.030357	35
-0.340334	21
-0.379937	13
0.020110	24
-0.292804	16
-0.372473	14
-0.068957	37
0.080500	27
0.126465	36
-0.143719	26
0.264337	16
0.324992	16
0.256882	25
-0.376528	15
-0.148305	27
-0.019290	27
-0.128042	27
0.201457	20
-0.353220	21
0.074594	45
-0.272381	25
0.068176	33
0.085252	28
0.031681	36
-0.258657	20
-0.248382	21
0.109306	24
0.154516	30
-0.497504	5
-0.300583	22
-0.206093	25
0.021774	25
-0.108360	31
-0.114497	24
-0.304516	23
0.209405	21
-0.267209	29
-0.194373	21
0.018050	19
-0.121760	28
0.305169	18
-0.141183	28
0.324557	17
-0.272522	26
-0.077474	26
-0.395653	15
0.244220	27
-0.413245	13
0.108229	25
0.268571	17
-0.378995	16
-0.186164	32
0.443598	12
0.315611	20
-0.274250	27
0.094391	28
0.267155	18
0.035661	37
0.312630	21
0.081966	29
-0.366080	11
-0.348384	22
0.432621	8
0.115286	38
0.115997	39
-0.174740	25
-0.455285	9
-0.033541	25
-0.078040	27
0.014085	20
-0.022828	32
-0.048010	34
-0.256231	21
-0.227178	28
0.120657	37
0.021513	26
0.209176	22
-0.297909	17
-0.488048	8
-0.384340	8
-0.029552	33
-0.039213	26
-0.395248	16
0.226510	28
0.169003	29
-0.433108	8
-0.472799	2
-0.019228	28
-0.347536	23
-0.274244	28
-0.194242	22
0.185374	25
0.111010	40
-0.159964	26
0.102473	26
-0.290102	18
-0.223258	29
0.116397	41
0.140204	29
-0.438274	9
-0.094722	23
0.287891	24
-0.025320	34
0.057489	30
-0.388153	9
0.273588	19
-0.012108	29
0.083829	30
0.048665	23
-0.016858	30
-0.094122	24
0.263745	19
-0.293558	19
-0.156599	27
0.165936	30
0.328049	18
-0.328823	19
0.269439	20
-0.274965	29
-0.049080	35
-0.082694	25
0.090147	29
0.216995	30
0.243800	28
-0.081131	26
-0.089358	27
0.403417	16
-0.296115	20
-0.203681	26
-0.169999	20
-0.343730	24
0.149589	30
-0.024244	35
-0.260786	30
-0.258940	22
-0.439220	10
-0.195185	23
0.204157	23
-0.112008	25
0.063441	34
0.224959	29
-0.101894	32
0.413160	15
-0.302312	24
-0.453734	10
-0.238654	19
0.362390	17
-0.207115	27
-0.436407	11
-0.342374	25
0.091512	30
-0.165898	21
-0.104003	33
0.484284	8
-0.056722	35
0.132190	22
0.373734	13
-0.338009	20
-0.179889	26
-0.144005	29
0.140573	31
-0.275676	30
0.249573	29
-0.412710	14
0.328551	19
-0.159720	28
-0.008848	30
0.085583	31
0.217752	31
-0.178767	27
0.163907	31
-0.104450	34
0.231375	19
-0.069282	38
-0.226581	30
-0.052814	36
0.133480	23
-0.338282	21
-0.008565	31
0.480026	9
0.103307	27
0.304590	19
0.183420	26
-0.007822	32
-0.099987	25
0.273542	20
-0.337124	22
0.105256	28
-0.019698	31
-0.009560	33
0.353312	19
-0.118393	26
0.031257	38
-0.050793	37
0.272124	21
-0.013814	32
-0.069966	39
-0.045869	36
-0.360782	12
-0.004359	34
-0.335683	23
-0.025844	36
-0.467439	10
-0.269925	31
-0.140076	30
-0.182349	33
0.183183	27
0.363902	18
0.106263	29
-0.285870	22
-0.167077	22
0.114361	42
0.248851	30
-0.196109	24
0.017724	21
0.194208	18
0.019959	22
0.085146	32
-0.456949	11
0.123950	38
-0.155694	29
0.086069	33
0.289221	25
0.158896	31
-0.077239	28
-0.162148	23
-0.035678	27
0.084605	34
0.090366	31
0.071666	46
-0.035459	28
-0.183609	34
0.165881	32
0.024815	27
0.138480	24
-0.349372	26
0.126378	39
-0.253905	23
0.068694	35
0.065390	36
-0.226983	31
0.181372	28
0.142750	32
-0.233439	20
-0.226255	32
-0.403571	13
0.046682	24
0.294487	27
-0.061519	40
0.361552	19
0.200962	24
0.032675	39
-0.345059	27
0.252096	26
-0.003252	35
0.335667	26
-0.007373	36
0.476094	5
-0.095704	26
0.389323	12
0.130627	25
0.148201	33
0.251181	27
-0.173345	28
0.050423	31
0.030910	40
0.277264	22
-0.092728	27
-0.008530	37
-0.018035	33
-0.188476	35
0.343442	17
-0.232086	21
-0.208280	28
0.423946	10
-0.275468	31
0.102192	30
0.099228	32
-0.367139	13
0.260745	21
-0.061511	41
-0.085305	28
-0.271387	32
-0.462555	11
0.173579	31
0.077728	47
-0.370880	17
-0.397484	17
-0.190700	25
-0.032209	29
-0.277344	33
-0.017035	34
-0.014585	35
0.027102	28
-0.341258	28
-0.281260	23
-0.223576	33
0.097743	33
-0.112150	27
0.267506	22
0.202917	25
-0.366760	14
0.286379	26
-0.247067	22
0.116123	43
-0.184126	36
0.313229	22
0.049722	25
-0.059881	38
0.206371	26
-0.291610	21
0.097800	34
0.030003	41
0.107973	31
-0.343793	29
0.265447	23
-0.058921	39
0.046759	26
0.100632	32
-0.049221	37
-0.014256	36
0.382300	13
-0.375246	18
-0.159898	30
0.168177	33
0.394357	13
-0.245253	23
0.004413	21
0.008170	22
-0.009334	38
0.158442	32
0.120125	40
0.309161	20
0.005079	23
0.196126	19
-0.071400	29
0.090772	35
-0.320555	20
-0.328726	21
0.019740	23
0.177354	32
0.118024	44
-0.038551	30
0.065675	37
0.061600	38
-0.342596	30
0.445215	13
0.164152	34
-0.342032	31
0.228526	30
-0.172173	29
-0.054844	40
0.128818	41
-0.003323	39
0.320862	20
-0.257044	24
0.332165	27
0.392529	14
0.417710	16
-0.071782	30
0.323297	21
-0.372642	19
-0.441564	6
-0.137750	25
-0.334760	24
-0.164833	24
0.354038	20
0.198729	20
-0.381317	10
-0.042520	38
0.182621	29
-0.233569	22
0.338826	28
-0.167855	25
0.114381	45
0.272061	23
-0.220461	34
0.068188	39
0.111998	46
0.273960	24
0.100918	33
0.019898	24
0.025381	29
-0.338185	25
-0.400088	14
0.480392	10
0.025050	30
0.314343	23
0.118614	47
0.142727	34
-0.094387	28
-0.239463	23
-0.026768	37
0.387506	14
0.265332	24
0.361807	20
0.079666	48
-0.012556	37
0.432693	9
0.244750	31
-0.019495	38
0.053702	32
0.380955	15
0.029688	31
0.161343	35
0.029554	32
-0.165566	26
0.096578	36
-0.437434	12
0.009713	24
-0.070236	31
-0.165695	27
-0.087013	29
0.234702	20
0.288362	27
-0.122909	29
0.218170	32
-0.106932	35
0.170839	33
0.208665	27
0.151199	33
-0.030642	31
-0.013364	39
0.118746	48
-0.309162	25
-0.060175	42
-0.066261	43
-0.135426	26
-0.353043	22
0.047788	27
-0.374995	20
-0.300864	26
-0.109577	36
0.001062	25
0.037336	42
-0.004608	40
0.116523	49
-0.167528	28
-0.131169	27
0.210462	33
0.058172	33
0.065457	40
-0.044256	39
0.078540	49
0.124649	42
0.107307	34
-0.100027	37
0.166966	36
0.116039	50
-0.280092	24
0.271698	25
-0.154241	31
-0.145626	31
0.159204	34
-0.403906	15
0.265384	25
0.078211	50
0.317131	24
0.126623	43
-0.321556	22
-0.341007	32
-0.256948	25
0.086619	35
-0.186505	37
0.343272	18
-0.483339	9
0.402852	17
0.103180	35
-0.095891	29
0.335238	29
-0.209153	29
-0.065283	44
0.176795	34
0.300104	21
-0.331421	26
0.314558	25
0.163702	37
-0.119390	28
-0.334829	27
0.013428	25
-0.207425	30
0.333539	30
-0.381197	11
0.206078	28
-0.174045	30
0.062561	41
0.259738	28
-0.008195	41
0.158818	35
0.238587	21
-0.067403	45
0.234746	22
0.480874	11
-0.258995	26
0.192436	21
-0.335531	28
0.395313	15
0.028361	33
0.021835	34
0.250149	29
0.244438	32
0.220539	31
-0.189831	38
0.362050	21
0.023315	35
-0.178961	31
0.040950	28
-0.088725	30
0.407560	18
-0.125151	30
-0.056768	41
-0.061888	46
0.334393	31
0.424327	11
0.174355	35
0.245402	33
-0.166599	29
0.346092	19
0.039604	43
0.298188	28
-0.182379	39
-0.080102	31
0.116064	51
-0.037486	32
0.009299	26
0.126526	44
-0.389896	12
0.315918	26
-0.080000	32
-0.135803	28
-0.240670	24
0.067644	42
-0.133083	29
0.063203	43
-0.152907	32
-0.127831	31
0.148105	35
0.224883	32
-0.255782	27
-0.271000	34
-0.118333	29
0.298367	29
0.277588	26
0.350920	21
0.150676	36
-0.289121	25
0.311437	27
0.124804	45
-0.327728	23
-0.018665	40
0.076827	51
0.173358	36
0.256739	30
0.127661	46
-0.125452	32
0.094135	37
0.004871	27
-0.084924	32
0.259203	31
-0.307238	27
-0.048037	40
0.018804	26
-0.352037	23
-0.162953	30
0.013406	27
0.221287	33
-0.398335	18
0.166916	38
-0.392338	19
0.102639	36
0.094441	38
-0.146623	32
-0.200973	31
0.035922	44
-0.058116	42
0.244953	34
-0.053812	43
-0.098576	30
0.343201	20
-0.047080	41
-0.400825	16
-0.118847	30
0.136507	26
-0.116904	31
0.042964	29
-0.432833	13
-0.039392	33
-0.247103	25
-0.011133	41
-0.209191	32
0.157942	37
0.158661	38
0.483587	12
-0.120017	33
0.436970	10
-0.078111	33
0.069440	44
-0.326531	24
-0.267364	32
0.057574	34
0.235423	23
0.205105	29
-0.112327	32
-0.184672	40
0.057427	35
0.260894	26
0.286341	28
0.313183	28
-0.190507	26
0.022188	36
-0.042959	42
0.140123	36
-0.227390	35
-0.341788	33
0.001275	28
0.208023	30
0.048166	30
-0.195656	27
-0.112258	33
0.247654	35
0.333663	32
-0.161509	31
-0.213062	24
0.080770	36
-0.138931	30
-0.264906	33
-0.030043	34
-0.319568	18
0.224526	34
-0.024599	38
-0.094756	31
0.111942	52
0.044665	31
-0.346259	34
0.366810	22
0.482550	13
-0.159566	33
-0.017212	42
-0.173213	32
-0.105914	38
-0.188522	41
0.050287	36
0.071670	52
-0.314448	19
0.361611	23
-0.409154	17
-0.354077	24
-0.011580	43
0.039913	45
0.051256	37
0.266803	27
0.096635	39
0.049873	32
0.126592	47
-0.450501	12
0.258189	32
0.261536	28
0.486191	14
-0.112733	34
-0.109075	39
-0.363182	15
-0.103726	40
-0.336047	29
-0.153720	34
0.038474	46
0.406917	19
0.286054	29
-0.074574	34
-0.231738	24
0.368641	24
0.090228	40
0.095262	41
0.489688	15
0.071396	53
-0.033220	35
0.193552	22
-0.250371	28
0.470959	6
0.167297	39
-0.423256	11
-0.387286	13
0.255551	33
0.277444	27
0.005446	29
-0.270099	35
-0.006640	42
0.285635	30
0.144737	37
-0.363126	16
0.335132	33
0.163066	40
0.284721	31
-0.340769	35
0.288478	32
-0.199395	28
0.379683	14
-0.056959	44
0.412822	17
-0.038408	36
-0.091915	32
0.200689	31
-0.386003	14
-0.347559	36
-0.010515	44
0.306924	22
0.118995	53
-0.023288	39
-0.079143	35
0.027203	37
-0.173169	33
-0.367324	17
-0.021900	40
-0.098379	33
0.103431	37
-0.325716	25
-0.493328	6
-0.087671	33
-0.248454	26
0.209906	32
0.017915	28
0.378727	15
-0.272316	36
0.105034	38
-0.288425	26
0.084290	37
-0.302805	28
0.259484	34
0.325230	22
-0.298218	22
0.058355	38
0.047206	33
-0.079628	36
0.127485	48
-0.091504	34
0.219782	34
-0.163648	32
-0.148895	33
-0.079619	37
-0.094673	35
0.286671	33
0.295355	30
-0.051474	45
-0.258097	29
-0.207517	33
0.156148	39
-0.074649	38
0.233898	24
-0.114144	35
-0.136805	31
0.182331	30
-0.091177	36
-0.437619	14
-0.140399	34
-0.398059	20
-0.404381	18
-0.219344	25
-0.295814	23
0.065193	45
-0.159449	35
0.347666	21
-0.043888	43
-0.029637	41
-0.399046	21
-0.171241	34
-0.128319	34
0.047220	34
-0.018726	45
0.050498	39
-0.040989	44
-0.283297	27
-0.024041	42
-0.021890	43
0.165112	41
-0.089959	34
-0.167022	33
0.349416	22
0.019405	29
-0.089297	35
-0.007937	43
-0.005727	44
0.015450	30
-0.099605	37
0.327002	23
-0.377600	21
-0.055313	46
0.463698	10
0.193857	23
0.275970	28
0.435050	11
0.172349	37
-0.109296	41
-0.279392	37
-0.069760	47
-0.107756	42
0.233957	25
-0.138905	32
-0.125592	35
-0.266998	34
0.188736	31
0.229477	35
0.140767	38
0.282274	34
-0.299066	24
-0.296420	25
-0.029770	44
0.101254	39
-0.231438	25
0.004457	30
0.320354	24
0.167319	42
0.163108	43
-0.432907	15
0.335947	34
0.011296	31
-0.313279	20
0.332807	35
0.028146	38
0.033369	47
0.116503	54
-0.144843	35
0.425378	12
0.261719	29
-0.310446	21
-0.017776	46
0.477909	7
0.209000	33
-0.185572	42
0.080606	38
-0.291692	26
-0.175102	35
0.437741	12
0.170544	38
-0.381122	15
0.030872	48
0.183666	32
0.392777	16
-0.371413	22
0.035283	49
0.071216	54
0.223001	36
0.062659	46
-0.134880	33
-0.141676	36
0.469630	11
0.349543	23
-0.405983	19
-0.088283	36
0.191963	24
0.382678	16
-0.192444	29
-0.266383	35
-0.367294	18
0.166982	44
-0.157002	36
-0.411948	15
-0.156663	37
-0.407839	20
-0.067506	48
-0.069440	49
-0.261967	36
-0.024226	45
0.035524	50
-0.323515	26
0.209015	34
0.190388	25
0.220587	37
-0.079021	39
-0.117004	36
-0.175461	36
0.272301	29
0.270464	30
0.138801	27
-0.128050	36
-0.087332	37
0.327879	25
-0.399471	22
-0.342166	37
-0.111878	37
0.396873	17
-0.220045	36
0.197450	26
-0.335615	30
0.321314	26
0.073944	55
0.373624	16
0.092432	42
-0.158711	38
0.427818	13
0.085105	39
0.349851	24
0.237316	26
0.058626	40
-0.136535	34
0.027510	39
0.180138	33
-0.389124	16
0.148335	39
-0.025592	46
0.163582	45
0.169581	46
0.306832	23
-0.267801	37
-0.290327	27
0.167480	47
0.116763	55
-0.130882	35
-0.297145	28
-0.494001	7
-0.145527	37
-0.305074	29
0.006521	31
-0.015607	47
-0.299667	29
-0.206798	34
0.230913	27
-0.111671	38
-0.162340	34
-0.217794	26
-0.323413	27
-0.141399	38
-0.004179	45
-0.271655	38
-0.363697	19
0.457685	8
0.043419	35
0.334345	36
0.377246	17
-0.402523	21
0.329020	27
-0.354652	25
0.159805	40
-0.039322	37
0.460094	12
-0.336843	31
-0.232893	26
0.133994	28
0.120648	49
0.219066	35
-0.474348	3
-0.048224	45
0.148558	40
-0.168908	35
0.240045	36
0.309385	24
-0.237156	27
0.138936	29
0.008945	32
0.029493	40
-0.244738	27
-0.064190	50
0.470909	8
0.264677	30
-0.439752	16
-0.054439	47
-0.310617	22
0.317950	29
0.132732	30
-0.307893	30
0.299302	31
0.059461	41
0.165258	48
0.163467	49
0.467762	13
-0.327795	28
0.071013	56
0.267000	31
-0.078509	40
-0.114712	39
-0.298730	30
-0.344076	38
0.145622	41
-0.365192	20
-0.356543	26
-0.235196	28
0.153772	41
0.037898	51
-0.320365	29
-0.281866	28
-0.310659	23
-0.280941	29
0.132366	31
-0.409319	22
0.394868	18
0.140606	42
0.265798	32
0.069731	47
0.234233	28
0.094798	43
-0.173411	37
-0.047462	46
0.209353	35
0.017778	32
-0.363715	21
0.000314	33
-0.044801	47
-0.025110	47
0.112375	56
0.191637	27
0.007152	34
-0.160191	36
0.219667	36
0.299245	32
-0.084276	38
0.264788	33
0.174225	39
-0.338763	32
-0.234404	29
0.200532	36
0.355075	22
-0.203321	35
0.411440	18
-0.104149	43
-0.290999	31
0.121907	50
0.008288	35
-0.220378	37
-0.213429	27
0.282796	35
0.059331	42
0.016132	33
-0.237145	30
-0.221597	38
-0.309488	31
-0.235294	31
0.437229	13
0.094911	44
0.282344	36
-0.180577	43
-0.068233	51
0.337450	37
-0.220048	39
0.450475	9
0.088032	40
-0.442344	7
0.154184	42
-0.176011	38
-0.250058	30
-0.126835	37
-0.273288	39
-0.349928	39
0.014094	34
-0.387885	17
-0.352751	27
0.086008	41
0.453384	10
-0.058277	48
-0.157602	39
-0.373355	23
-0.128157	38
-0.174601	39
-0.025874	48
-0.367993	22
-0.360766	23
-0.253820	31
0.181709	34
0.174595	40
-0.356316	28
0.048513	36
-0.206542	36
0.370912	18
0.143765	43
-0.359173	29
-0.355089	30
0.279944	31
-0.334020	33
0.467015	14
-0.087812	39
-0.112633	40
0.328885	28
-0.411186	16
-0.133461	36
0.136184	32
-0.374058	24
-0.042681	48
0.488691	16
-0.089338	40
-0.383666	18
0.326883	29
-0.212722	28
0.310701	30
-0.300804	32
-0.036242	38
0.090733	45
0.311671	31
-0.190646	30
-0.477881	4
0.015997	35
-0.271171	40
-0.262844	38
0.265430	34
-0.320427	30
0.053104	43
-0.404729	23
0.232561	29
0.278734	32
-0.357336	31
-0.034882	39
-0.187185	44
-0.141946	39
0.143779	44
0.142724	45
-0.198519	31
-0.233458	32
-0.291248	32
0.051379	44
0.261717	35
-0.219440	29
-0.113292	41
0.342731	25
0.284800	37
0.267239	36
-0.355353	32
0.130889	33
0.451932	11
-0.330627	34
-0.112262	42
-0.422832	12
0.021570	41
0.115039	57
0.094594	46
-0.161748	37
0.107246	40
0.417126	19
-0.240324	28
-0.042455	49
-0.168448	38
-0.396895	23
-0.155780	40
0.108474	41
-0.178780	40
-0.217349	30
-0.368388	24
0.283710	38
-0.105486	44
0.439095	14
0.240252	37
-0.013303	48
0.083666	42
0.150613	43
0.065284	48
-0.281629	30
-0.421192	13
0.248309	38
0.043784	37
0.004629	36
0.233382	30
0.122226	51
0.272919	33
0.111652	58
0.192952	28
0.056210	45
-0.114189	43
0.052657	46
-0.106752	45
0.029110	42
0.259141	35
0.104124	42
0.167976	50
-0.403964	24
-0.236181	33
-0.266438	39
-0.266712	40
0.375954	19
0.461767	15
0.006756	37
-0.234452	34
-0.202467	37
-0.054435	49
0.021685	43
0.417613	20
0.127413	52
0.421629	14
0.040667	38
-0.144783	40
0.312548	32
0.165132	51
0.230332	31
-0.071505	41
-0.160998	39
-0.091756	38
0.391020	19
0.069821	49
0.068566	50
-0.176268	41
0.080030	43
-0.280677	31
0.286037	39
0.115052	59
0.130587	34
-0.108502	46
-0.035648	40
-0.462817	12
-0.379319	25
-0.231788	35
0.253410	36
0.118783	60
0.034739	52
0.077577	57
-0.116174	44
0.280849	40
-0.440786	8
-0.382047	19
-0.270481	41
-0.101439	47
0.049122	39
-0.182263	45
-0.247642	29
-0.306854	33
0.165840	52
0.028219	44
-0.005622	46
0.409072	20
0.240846	39
-0.267229	41
0.168681	53
-0.233277	36
-0.074721	42
0.082254	44
0.218540	37
-0.200163	38
0.324514	30
0.023334	45
-0.253428	32
-0.276319	42
0.240699	40
0.147443	46
0.142509	47
-0.389760	20
-0.086600	41
0.211749	38
0.065377	51
-0.172010	42
-0.269286	42
0.120298	53
0.288757	41
0.362171	25
-0.368992	25
-0.121442	39
0.203358	37
0.128833	54
0.235711	32
-0.224195	40
0.177579	41
-0.009114	47
-0.044186	50
0.036693	53
0.054986	47
0.009817	38
-0.352679	33
0.122240	55
-0.334472	35
0.348680	26
-0.270876	43
-0.009816	48
0.340017	27
0.277880	34
0.130086	35
0.300106	25
-0.234045	37
0.052659	48
0.082553	45
-0.283773	32
0.154668	44
-0.424413	14
-0.220426	41
0.079179	58
0.210509	39
-0.219172	31
-0.253123	33
-0.405728	25
0.410171	21
0.224822	38
0.101091	43
-0.157798	41
0.079325	59
0.201973	38
0.372777	20
0.182053	35
-0.261354	43
-0.046332	51
-0.100609	48
-0.051852	50
0.482543	17
-0.059192	51
0.078230	60
0.286175	42
-0.043035	52
0.324300	31
-0.134851	37
-0.027064	49
0.003888	39
0.333431	38
0.093059	47
0.342631	28
0.158316	45
-0.444862	9
0.413891	22
0.423679	15
0.389614	17
0.172409	42
0.269519	37
0.285378	43
0.011456	36
-0.157891	42
-0.039956	41
0.288469	44
0.144971	48
-0.491445	8
0.229450	39
-0.137661	38
-0.099578	39
-0.350247	34
-0.145698	41
0.190591	29
-0.064287	52
0.273071	35
-0.344026	40
-0.457531	13
0.157936	46
-0.151755	43
0.230441	33
0.054025	49
0.107417	44
-0.141381	42
0.153158	47
0.277784	36
0.061183	52
-0.248203	30
-0.133025	39
0.020413	46
-0.063657	53
0.213944	40
0.413208	23
0.144084	49
-0.400254	26
-0.236122	38
0.292231	33
-0.028018	50
-0.463163	13
-0.016942	49
0.145023	50
-0.130881	40
-0.237806	39
0.193698	30
-0.215473	32
0.090334	48
-0.007749	49
0.347210	29
-0.218911	33
-0.071019	43
0.409893	21
0.351218	23
0.266624	38
0.409924	22
0.280678	45
0.036705	54
-0.119701	45
-0.257671	34
0.444272	14
0.387206	18
-0.253519	35
-0.002196	50
0.220160	40
-0.229893	42
-0.401604	27
0.174586	43
0.133098	36
0.211682	41
0.432398	15
0.250226	37
-0.215213	34
-0.325082	31
-0.222418	43
-0.290515	33
0.114187	61
-0.040321	53
0.230197	34
0.021502	47
0.296895	34
0.096075	49
-0.048948	54
0.281757	46
-0.358113	35
-0.415468	17
-0.106648	49
-0.299969	34
-0.247828	31
0.209415	39
-0.179225	43
-0.202031	39
-0.042406	55
-0.196215	32
0.094016	50
-0.055503	52
-0.335934	36
0.233226	35
-0.347504	41
-0.053183	53
0.080420	46
-0.105837	50
0.105957	45
-0.053526	54
-0.163871	40
0.057808	50
0.207312	40
-0.051932	55
-0.084692	42
-0.417194	18
-0.240267	32
-0.174071	44
0.153430	48
0.195530	31
0.243398	41
-0.413857	19
-0.403504	28
0.029445	48
-0.098240	40
0.218858	42
-0.241904	33
-0.063174	54
0.243098	42
0.123869	56
0.449794	15
0.175499	44
-0.175115	45
0.093018	51
-0.155043	44
-0.132745	41
-0.206189	40
-0.220742	44
0.351268	24
0.349066	30
-0.202268	41
0.248876	43
-0.440631	10
0.033636	55
-0.084392	43
-0.159772	45
-0.068800	55
-0.271330	44
-0.073674	44
0.341805	31
0.026400	49
0.416394	24
-0.083253	44
-0.239444	40
0.039667	56
0.007058	40
-0.297729	35
0.159127	49
0.027431	50
0.306477	26
-0.006005	51
-0.390740	24
-0.176957	46
0.164167	54
-0.088662	45
-0.481290	10
0.052643	51
0.122523	57
-0.396871	25
0.327934	32
-0.362758	26
-0.253100	36
-0.050196	56
-0.048644	56
-0.242734	34
0.280694	47
0.303750	27
-0.169443	41
-0.072725	45
0.204205	41
0.407921	23
0.067672	53
-0.275265	45
0.099264	52
-0.178950	47
0.261088	39
-0.186878	46
0.271763	37
-0.018579	50
-0.112966	46
0.091088	53
-0.020086	51
0.337375	39
0.426459	16
-0.007764	52
-0.308135	34
0.185573	36
-0.024922	52
-0.052930	57
0.129549	58
-0.483661	11
0.156215	50
-0.435547	17
-0.189834	47
-0.200782	42
-0.216748	35
-0.090771	41
-0.473225	5
0.151391	51
0.368766	26
-0.143344	43
-0.127588	40
0.038126	57
-0.061167	56
0.063734	54
0.203091	42
0.181324	37
-0.348068	42
-0.128320	41
0.336329	40
0.030882	58
0.322936	33
0.383264	19
0.389085	20
-0.124587	42
0.008109	41
0.105198	46
-0.010679	51
-0.414922	20
-0.027915	53
-0.275793	46
-0.180787	48
-0.280220	33
0.008147	42
0.153788	52
0.203247	43
-0.244708	35
-0.282017	34
0.356296	25
-0.063375	57
-0.184492	49
0.031644	59
0.326220	34
-0.058800	58
0.499507	6
0.230065	36
-0.169276	42
0.417303	25
0.017464	37
-0.368141	27
0.396614	20
0.333396	41
0.275912	38
0.133514	37
-0.165171	43
0.069795	55
-0.139289	42
0.223738	41
-0.309356	35
0.286757	48
0.165334	55
-0.297864	36
-0.404705	29
0.154939	53
-0.128416	43
-0.163650	44
-0.005190	53
-0.131487	43
-0.060200	58
-0.141306	44
-0.048537	57
0.061393	56
0.203956	44
0.017475	38
-0.020496	54
-0.103191	51
0.082018	47
0.148636	51
0.206084	45
-0.091199	42
0.006005	43
0.100320	47
0.421637	17
-0.269833	44
0.466911	16
-0.146921	45
-0.020009	55
0.136600	38
-0.043697	58
-0.059701	59
-0.330458	37
0.265567	40
0.430291	16
-0.007122	54
-0.051988	60
-0.318430	24
0.285925	49
-0.392263	26
0.334263	42
-0.407711	30
-0.152706	46
0.358698	26
-0.232326	41
0.228532	42
-0.064419	59
-0.356131	36
0.190026	32
0.330027	43
0.044898	40
0.317011	33
0.081638	48
-0.376160	26
0.468808	17
-0.065207	60
-0.197669	33
-0.178872	48
0.271144	39
0.264691	41
0.013783	39
0.079601	61
-0.219104	36
-0.171832	49
0.020333	51
-0.186799	50
-0.087302	46
-0.195455	34
-0.374421	27
-0.454039	14
0.267429	42
-0.211821	37
-0.161076	45
-0.039636	42
-0.338646	38
-0.342615	43
-0.228127	45
0.013774	40
0.291250	35
0.078276	62
-0.162339	46
-0.050220	61
0.127755	59
-0.030699	43
0.309099	28
0.338496	44
-0.155684	47
0.098043	54
-0.316740	25
0.337898	45
-0.298364	37
-0.157676	48
-0.276000	47
0.108391	48
-0.376520	28
0.017937	41
0.065632	57
0.348158	32
0.120075	60
-0.202078	43
0.351485	27
0.336094	46
-0.169161	47
0.297929	36
-0.239277	42
-0.251323	37
-0.424762	15
-0.135350	44
0.083720	49
-0.434481	18
0.027275	52
-0.311312	26
-0.000578	55
-0.079510	46
-0.379765	29
-0.035016	44
-0.415546	21
-0.071424	47
0.019280	42
-0.198373	35
-0.296054	38
0.090764	55
-0.076979	48
0.248875	44
0.400000	24
0.460258	18
0.152473	54
-0.046510	59
0.305697	29
0.101167	49
0.172635	45
-0.418620	22
0.240465	45
0.267623	43
0.035565	60
0.176406	46
-0.069137	61
-0.301891	36
0.383507	21
0.493053	7
0.022480	53
-0.120088	44
-0.303541	37
0.282746	50
-0.204680	44
-0.489636	12
0.313225	34
0.120236	61
-0.295301	39
0.274808	40
0.034299	61
-0.255481	38
0.274054	41
0.008634	44
-0.322085	32
0.220186	43
-0.234940	43
-0.355770	37
0.195182	33
-0.307452	38
0.148258	52
-0.371686	30
-0.092805	43
0.048201	41
0.382778	22
0.080334	50
0.142087	53
-0.146021	46
0.264087	44
-0.281785	35
0.048101	42
0.314241	35
0.117254	62
0.452082	12
0.029703	54
0.426686	18
0.021797	55
-0.152358	49
0.195256	34
-0.414838	23
0.072815	63
0.054284	52
0.314991	36
0.256728	38
-0.095517	44
-0.037983	45
-0.179581	50
0.038838	62
-0.331154	39
-0.002820	56
0.070252	64
-0.168737	48
0.198924	35
0.003140	45
-0.108075	52
-0.073624	49
0.243821	46
-0.066587	62
-0.005820	57
0.029167	56
-0.427122	16
0.234347	37
0.127496	62
0.222823	44
0.022196	57
0.020331	58
-0.151640	50
-0.487587	13
-0.036933	46
0.102935	50
0.072187	65
0.290498	37
0.104861	51
0.007376	46
-0.040027	60
-0.393241	27
-0.357209	38
0.233596	38
0.368952	27
0.225943	45
-0.121281	45
0.217448	43
-0.120055	46
0.031878	63
-0.215177	38
-0.031599	47
0.201527	46
0.368928	28
-0.029476	56
0.384730	23
-0.003620	58
0.080383	51
-0.400853	31
-0.343780	44
-0.084385	47
0.083893	52
0.156603	55
-0.101061	53
-0.254723	39
0.385167	24
-0.176954	51
-0.313824	27
0.322861	35
0.357900	28
-0.017282	52
-0.157883	51
-0.240397	36
0.076280	66
-0.002516	59
0.356474	29
0.333296	47
-0.062237	63
0.435655	17
0.004598	47
0.072380	67
-0.173667	52
-0.064706	64
-0.032846	48
0.118083	63
-0.053416	62
-0.129264	47
-0.351021	39
-0.365499	28
0.331016	48
-0.229905	46
-0.017623	53
0.116814	64
-0.353829	40
-0.052946	63
-0.275146	48
-0.451413	15
0.005921	48
-0.035619	49
-0.403632	32
-0.262188	45
0.251239	39
0.495274	8
-0.306006	39
-0.303971	40
-0.381805	21
0.392043	21
-0.179436	53
0.120741	63
-0.414605	24
-0.186083	51
0.317011	37
0.005808	49
-0.332157	40
0.017224	43
-0.266162	46
-0.237222	44
0.102723	52
-0.317887	28
0.059788	53
-0.070211	50
-0.279086	49
0.240553	47
-0.017815	54
0.061825	58
-0.476666	6
-0.475561	7
0.119996	65
0.379359	21
-0.287232	36
-0.129483	48
-0.251735	40
0.059723	54
0.448335	16
-0.341528	45
0.139660	39
0.346267	33
-0.309010	41
-0.276748	50
0.329729	36
0.293698	38
0.371594	22
0.433902	18
0.263302	45
0.079727	68
-0.221171	47
-0.003042	60
-0.210168	39
0.342626	34
-0.325129	33
-0.404043	33
0.066076	59
-0.178382	54
-0.456932	16
0.010874	44
0.062158	60
0.045980	43
0.059304	55
-0.168392	49
0.135155	40
0.361547	29
0.013626	45
0.147209	54
0.242294	48
-0.382503	22
0.350195	30
-0.319367	29
0.314803	38
0.024627	59
-0.097719	45
0.323112	37
0.329520	38
-0.282681	37
0.336255	49
0.110463	66
-0.094987	46
0.165334	56
0.381757	25
0.163924	57
0.202714	47
-0.064050	65
-0.378211	31
-0.296111	40
0.334764	50
0.420937	19
0.088429	53
0.240253	49
-0.120524	49
0.198679	36
-0.100449	54
0.208734	48
0.269783	46
-0.386955	23
0.128064	64
-0.198532	36
0.471427	9
-0.107778	55
0.056886	56
-0.007915	61
-0.139989	45
0.072035	69
-0.115184	47
0.140748	55
0.037210	64
-0.136273	46
-0.064571	66
-0.256511	41
0.211178	44
0.048182	44
0.446736	17
0.024703	60
-0.064092	67
0.344015	35
0.184934	38
0.419776	26
-0.216156	40
0.053711	57
0.109631	53
-0.305595	42
-0.270300	51
-0.214435	41
-0.098823	47
0.013681	46
0.228380	46
0.268326	47
0.008640	50
0.094052	56
-0.297487	41
-0.060318	68
0.234751	39
-0.028168	57
-0.454381	17
0.341793	36
0.003047	51
0.255918	40
0.070008	70
0.125636	65
0.126049	66
0.414870	27
-0.069127	69
0.441556	18
-0.370467	32
0.138205	41
-0.140149	47
-0.265316	47
0.412493	28
-0.277867	52
0.277642	42
-0.149427	48
0.467343	19
0.346484	37
0.228702	47
-0.105945	56
0.150956	56
0.248522	50
-0.084873	48
0.211831	45
0.332087	51
-0.303264	43
0.489719	18
0.293113	39
-0.021791	58
0.170404	47
0.128626	67
0.101265	54
-0.224716	48
-0.308240	44
-0.209170	45
0.198859	37
-0.062632	70
0.025241	61
0.102676	55
0.055404	58
0.111379	67
-0.390756	28
0.370298	23
0.132032	42
-0.228874	49
-0.252375	42
0.365180	30
-0.230649	45
-0.051090	64
-0.415505	25
-0.137899	47
0.033093	65
0.088407	54
0.205774	49
-0.061394	71
0.239289	40
0.270299	43
-0.061348	72
0.223782	48
0.003076	52
-0.090564	48
-0.293042	42
0.077036	71
-0.243417	37
0.021794	62
-0.323506	34
-0.264803	48
0.327607	39
-0.403728	34
0.446383	19
-0.334920	41
-0.234322	46
-0.180497	52
0.295653	40
-0.192302	37
0.150571	57
0.080042	55
0.348020	38
-0.050063	65
-0.136413	48
-0.369928	29
-0.149674	49
-0.159343	52
-0.074518	51
0.076265	72
0.136353	43
-0.170086	55
-0.179668	56
-0.206623	46
-0.198659	38
0.146230	56
0.068799	61
-0.471905	8
0.343091	39
0.019742	47
-0.345812	46
0.371876	24
-0.240617	38
-0.220148	50
0.244386	51
0.282442	51
-0.347555	47
-0.029425	59
0.202962	50
-0.400829	35
0.125140	68
0.032532	66
-0.024359	60
0.080898	56
0.199240	38
0.131506	44
0.254328	41
-0.067350	73
-0.364116	30
-0.114015	48
-0.181383	53
-0.368469	31
0.151881	58
-0.189384	54
-0.157056	53
-0.021879	61
0.471926	10
0.040214	45
-0.176970	57
-0.188561	55
-0.004676	62
-0.404819	36
0.180264	39
0.383166	26
0.002740	53
-0.130900	49
0.340147	40
0.027675	63
-0.247110	39
-0.323804	35
0.169781	58
0.102945	56
0.100915	57
-0.184516	56
0.195814	39
0.051053	59
0.373779	25
-0.331658	42
0.266571	48
-0.062850	74
0.223354	49
0.366025	31
0.151441	59
0.106986	58
0.072580	73
-0.117982	49
0.074786	74
0.078219	75
-0.369269	32
0.313298	39
-0.023432	62
0.413574	29
0.336663	52
0.061106	62
0.264070	49
0.466258	20
-0.109359	57
-0.339565	43
-0.463232	14
-0.083833	49
-0.048994	61
0.123130	69
-0.029993	63
0.299696	41
0.180010	40
0.030749	67
0.051668	60
-0.183417	57
0.096402	57
0.266291	50
0.146662	57
-0.084869	50
0.073855	76
0.116441	68
0.289410	52
0.132928	45
0.174501	48
-0.161996	50
-0.118204	50
-0.381812	24
0.253364	42
0.227465	50
0.204148	51
0.067580	63
-0.199269	39
0.406909	25
0.203709	52
-0.248189	40
0.389149	27
0.277221	44
0.141384	58
-0.365852	33
-0.002391	63
0.094271	58
-0.325715	36
-0.431062	19
-0.178594	58
-0.256146	43
-0.141992	50
-0.035875	50
-0.061458	75
0.339903	53
0.143569	59
0.421549	20
-0.034507	51
-0.217798	42
-0.007336	64
-0.142396	51
-0.113816	51
0.282502	53
0.149944	60
0.249691	52
0.322050	40
0.227625	51
0.268010	51
-0.332759	44
0.098802	59
-0.153641	54
-0.360644	34
-0.126741	50
0.177404	49
-0.061225	76
0.488119	19
0.094422	60
-0.060812	77
0.211406	46
0.033393	68
0.367747	32
0.494166	9
0.132937	46
0.289691	54
0.055825	61
-0.357276	41
-0.083907	51
-0.293510	43
0.407258	26
-0.168072	51
0.238051	41
0.259675	43
-0.411386	26
0.160232	59
-0.188337	58
0.430944	19
-0.127343	51
0.129423	70
-0.061453	78
0.399918	22
0.088010	57
0.286667	55
-0.097739	49
-0.084269	52
0.455484	13
0.263318	52
0.248304	53
-0.022426	64
-0.053661	66
-0.048036	62
0.124214	71
0.374371	26
-0.045273	63
0.482102	20
0.050354	62
-0.175687	59
-0.124459	52
-0.277732	53
0.110672	69
0.079220	77
-0.012761	55
0.166160	60
0.013731	48
0.262416	53
0.425579	21
-0.258774	44
0.274828	45
0.030112	69
-0.058572	67
0.089428	58
-0.110278	52
0.073579	78
-0.163044	52
-0.254261	45
0.337380	54
0.078948	79
-0.234034	47
-0.027607	65
-0.093090	50
-0.154249	55
0.042491	46
0.029496	64
-0.135804	50
-0.024957	66
-0.020349	67
-0.032614	52
0.223058	52
0.123942	72
0.260564	54
-0.137142	51
-0.068175	79
0.226123	53
-0.187987	59
-0.248196	41
0.341319	41
-0.138360	52
0.249094	54
0.210247	47
0.282683	56
-0.356059	42
-0.119885	53
0.367660	33
0.002586	54
-0.332989	45
-0.392568	29
-0.318434	30
0.268220	55
-0.450557	18
-0.260172	49
-0.181336	60
0.481573	21
-0.381429	25
-0.171870	60
0.245347	55
0.489750	22
0.010278	49
-0.437586	20
0.127784	73
-0.010929	56
-0.140428	52
0.401796	27
0.220840	54
-0.075059	52
0.240906	56
-0.080178	53
0.447827	20
-0.343818	48
0.107393	59
0.149178	61
-0.425505	17
0.017672	50
0.129547	74
0.125750	75
-0.056956	68
0.049812	47
0.150457	60
-0.137547	53
-0.392977	30
-0.070899	53
0.058816	63
-0.243565	42
-0.240847	43
0.188994	41
0.189702	42
-0.143859	53
0.275012	46
-0.371956	33
-0.011007	57
-0.202192	47
-0.043913	64
0.310658	40
0.010705	51
0.361140	34
0.274060	47
-0.118027	54
-0.271620	54
0.119199	70
-0.380761	26
0.408527	28
-0.451156	19
-0.295887	44
0.166171	61
-0.112014	55
-0.134987	54
0.214251	48
-0.008870	65
-0.191033	40
-0.257931	46
0.217834	49
0.046104	48
-0.003752	66
0.412492	30
0.352987	31
0.146710	62
-0.301173	45
-0.179058	61
0.257633	44
0.072438	80
-0.021304	68
-0.431820	21
-0.335128	46
-0.171616	62
0.105197	60
0.385730	28
-0.288594	38
0.378705	27
0.218103	50
0.231088	42
0.176764	50
-0.351053	43
0.093100	61
0.475900	11
-0.390163	31
-0.246458	44
-0.209125	48
0.083596	59
-0.164640	53
-0.035576	53
-0.266285	50
-0.103108	58
0.243193	57
0.236943	43
0.255981	45
-0.346902	49
0.015590	52
0.464705	21
-0.210613	43
-0.154743	56
0.384709	29
-0.084863	54
-0.002917	67
0.085620	60
-0.362944	35
-0.248797	45
-0.097515	51
0.021823	65
0.334053	55
-0.459369	20
0.420988	22
-0.366179	36
0.116767	71
0.216461	51
-0.410747	27
0.027088	66
0.024108	67
0.185973	43
0.151342	61
-0.045203	65
0.241690	58
-0.282437	39
-0.238476	48
-0.346539	50
-0.329607	37
-0.142938	54
0.414548	31
-0.099378	52
-0.207386	49
-0.008620	68
-0.155791	57
0.453585	14
-0.141047	55
0.404138	29
0.071960	81
-0.021812	69
-0.066458	80
-0.248935	46
-0.004867	69
0.318659	41
-0.304796	46
0.405238	30
-0.083623	55
-0.274852	55
0.052042	64
-0.092542	53
0.134644	47
-0.490669	9
-0.223282	51
0.021685	68
0.015780	53
-0.348950	51
0.028325	69
0.051407	65
0.032572	70
0.205277	53
-0.337891	47
-0.053550	69
-0.107701	59
-0.027959	70
-0.032428	54
-0.221043	52
-0.152248	58
0.062039	64
-0.067715	81
-0.266187	51
-0.137723	55
-0.388575	27
-0.303427	47
0.147724	63
-0.272621	56
0.180155	44
-0.038818	55
-0.139607	56
-0.061461	82
-0.099393	54
0.425493	23
-0.053603	70
-0.045027	66
0.284271	57
-0.032397	56
0.355207	32
0.305098	30
-0.265197	52
-0.319346	31
-0.112217	56
-0.146409	56
0.214919	52
-0.022253	71
0.234401	44
-0.152789	59
0.283563	58
0.155021	62
0.103434	61
0.097292	62
-0.078786	54
0.140723	64
-0.085374	56
-0.196119	41
0.230690	45
-0.362796	37
0.127368	76
-0.032269	57
0.013841	54
0.000316	55
0.324988	41
-0.120767	53
0.454523	15
0.293108	42
-0.079006	55
-0.054652	71
0.084123	61
-0.190721	42
-0.050014	72
-0.123942	54
0.283017	59
0.404598	31
0.072444	82
-0.156290	60
-0.294780	45
-0.382081	28
-0.013589	58
0.284071	60
-0.157713	61
0.063440	65
0.390384	23
-0.346920	52
0.399289	24
-0.413577	28
-0.048871	67
0.111493	72
0.224033	55
-0.212374	44
-0.397306	32
-0.202860	50
-0.366077	38
-0.010142	59
-0.028106	72
0.060502	66
0.420076	24
-0.311269	32
-0.271747	57
-0.440076	11
-0.371823	34
-0.130382	57
0.248873	59
-0.061555	83
-0.116936	57
-0.210253	45
0.123131	77
-0.064623	84
0.070432	83
-0.319655	33
-0.260524	53
-0.387371	29
0.103653	62
0.163645	62
-0.387069	30
0.289655	61
0.260341	56
-0.043607	68
-0.328291	38
-0.451875	21
-0.324854	39
0.378557	28
0.003482	56
-0.342315	53
-0.392261	33
0.113385	73
0.354236	33
-0.158695	62
0.359422	34
0.107778	63
-0.103650	60
-0.280145	40
-0.186894	61
0.288508	62
-0.089984	57
-0.406346	37
-0.233583	49
0.034042	71
-0.000307	70
-0.166884	54
-0.301217	48
-0.021562	73
-0.283245	41
-0.402141	38
0.358259	35
-0.122809	55
0.149805	65
0.392159	25
-0.059458	73
0.151686	63
0.263085	57
0.293107	43
-0.263306	54
-0.202130	51
-0.147762	57
-0.060655	85
-0.264356	55
-0.495278	10
-0.035458	58
0.180365	45
0.265562	58
0.324985	42
-0.416761	29
-0.269236	56
0.316749	42
-0.120339	56
0.458431	16
-0.362326	39
-0.293725	46
-0.137815	58
-0.232350	50
-0.386272	31
0.020811	70
0.173535	51
-0.256767	47
-0.283917	42
0.231719	46
0.252321	46
0.316405	43
0.321089	43
-0.258487	48
-0.155557	63
-0.106963	61
-0.167069	55
0.128192	78
-0.137136	59
0.040745	49
0.464306	22
0.140408	66
-0.192259	43
0.250090	47
-0.072037	56
-0.011825	60
-0.344726	54
0.047634	50
-0.273190	58
-0.367515	40
-0.192180	44
0.190433	40
-0.060711	86
-0.164233	56
0.197083	41
0.332908	56
-0.009867	71
0.217324	53
0.140766	67
-0.118069	58
-0.406163	39
-0.302356	49
0.167865	63
0.415839	32
-0.132804	60
-0.224028	53
-0.221290	54
-0.447725	12
-0.202052	52
-0.022545	74
0.213194	54
-0.153253	64
0.073139	84
0.100931	64
0.046908	51
0.188956	46
-0.197598	45
0.279479	48
0.239251	47
0.000907	57
0.104711	65
-0.033396	59
0.271491	49
-0.045893	69
-0.213686	46
0.097234	63
0.173410	52
-0.036771	60
-0.007797	72
0.184787	47
-0.178198	63
0.067823	67
0.435405	20
-0.286100	43
-0.046261	70
-0.109359	62
-0.031028	61
0.012984	55
0.387259	30
0.096827	64
0.091640	65
-0.338874	48
0.449296	21
-0.417009	30
-0.065775	87
0.043210	52
0.114127	74
0.086091	62
-0.170316	64
0.368934	35
0.100300	66
0.054736	66
0.228255	56
-0.227847	55
-0.188403	62
0.037437	72
-0.141642	58
0.234222	48
-0.044158	71
0.081799	63
0.186808	48
-0.092031	55
0.321972	44
0.331393	57
-0.024979	75
-0.477790	9
0.340718	42
-0.031728	62
-0.087967	58
-0.418701	31
0.181621	49
-0.285857	44
-0.025282	76
-0.171339	65
-0.104851	63
-0.315245	34
-0.056363	74
0.308157	31
-0.151532	65
0.160331	64
-0.034224	63
0.240607	60
-0.221997	56
-0.050605	75
-0.485053	14
-0.084001	59
-0.128743	57
-0.128428	58
-0.133534	61
0.033484	73
0.447344	22
0.031628	74
-0.351626	44
-0.270455	59
-0.282411	45
-0.062497	88
-0.075105	57
-0.120501	59
0.050839	67
0.140333	68
-0.470706	10
-0.358560	45
-0.279148	60
0.339790	58
0.169940	65
0.264577	59
0.002027	58
0.412088	33
0.483507	23
0.173835	53
-0.345802	55
0.211871	55
0.128087	79
-0.111296	59
0.373508	29
-0.178478	66
0.260698	60
0.190245	42
-0.319750	35
0.178974	54
0.024015	71
0.356059	36
0.325513	45
-0.220115	57
0.043741	53
0.472422	12
-0.351376	46
-0.224726	58
0.061568	68
-0.240518	47
0.001037	59
0.137073	48
0.168870	66
0.179967	55
-0.136949	62
-0.363508	41
-0.066425	89
0.004789	60
0.197043	43
-0.204427	53
0.127150	80
-0.214336	47
0.255209	48
0.157299	64
0.262995	61
-0.236255	51
-0.006647	73
-0.221557	59
-0.241065	48
-0.276357	61
0.022484	72
0.183211	50
0.168604	67
0.062741	69
-0.132250	63
0.171724	56
-0.274516	62
-0.205660	54
-0.460786	15
-0.391797	34
-0.087174	60
0.287300	63
0.046034	54
0.209572	54
-0.288533	46
0.352652	37
-0.121422	60
0.200356	55
0.285928	64
-0.094182	56
0.174720	57
0.143487	69
-0.220663	60
0.230016	49
-0.041670	72
-0.048544	73
0.302595	32
0.394905	26
0.026062	73
-0.361909	42
0.156874	65
0.019387	56
0.186962	51
-0.216161	48
0.084239	64
-0.186589	63
0.240115	61
-0.285368	47
-0.371777	35
-0.126737	61
0.029135	74
0.279522	50
0.155877	66
-0.133307	64
-0.410674	32
-0.196735	46
-0.085304	61
0.041038	55
-0.180512	64
-0.325917	40
0.079972	85
-0.078881	58
-0.490727	11
0.302940	33
-0.019647	61
-0.135222	65
0.203842	56
0.372737	30
-0.268039	57
-0.320366	41
-0.093541	57
-0.118236	60
-0.053172	76
-0.081514	62
-0.485079	15
0.152386	67
0.238280	50
-0.008999	74
0.022955	75
0.281206	65
-0.027125	77
-0.016537	62
-0.482655	16
-0.153844	66
-0.123381	62
0.283438	66
-0.109809	64
-0.144057	59
0.198838	44
-0.254652	49
-0.180704	65
-0.094832	58
-0.129208	63
-0.306279	50
-0.239605	52
0.126940	81
-0.401155	40
0.441437	23
-0.303928	51
-0.075540	59
-0.260776	58
-0.377188	36
0.454190	17
-0.108912	65
-0.274236	63
0.305186	34
-0.143841	60
0.402101	32
-0.227144	61
0.481370	24
-0.159368	67
0.006227	61
0.266828	62
-0.250959	50
0.014969	57
-0.266737	59
-0.407244	41
0.251808	49
0.008244	62
-0.206091	55
-0.130840	66
-0.386036	32
-0.247132	49
-0.268817	60
0.367349	36
-0.307536	52
-0.362242	43
0.245045	62
0.073922	86
0.234128	51
-0.093098	59
0.014571	58
-0.088853	63
-0.200834	56
0.092165	66
-0.339840	49
0.143130	70
0.063367	70
-0.257085	51
-0.043440	74
0.125955	82
0.133219	49
0.092969	67
0.094347	68
-0.239359	53
0.419005	34
0.073674	87
-0.015772	63
-0.222148	62
0.243193	63
0.173721	58
0.244210	64
0.007166	63
-0.074674	60
0.150884	68
0.103842	67
0.129166	83
-0.486284	17
0.189377	52
0.299201	44
0.025664	76
0.017076	59
-0.129229	64
-0.336272	50
0.147728	71
-0.209330	57
-0.181692	66
-0.305596	53
0.263108	63
0.208297	57
-0.154617	68
-0.383751	33
0.014703	60
0.011929	61
-0.444030	13
-0.200016	58
0.328675	46
-0.338055	51
-0.394621	35
-0.272336	64
0.079272	88
-0.118975	61
-0.258454	52
0.424352	25
0.237337	52
-0.142674	61
-0.045152	75
0.037514	75
-0.311546	36
0.138522	50
0.347042	43
-0.207415	59
-0.153003	69
-0.144944	62
-0.381704	34
-0.092203	60
-0.182445	67
-0.316243	37
-0.453686	22
-0.419240	33
0.117085	75
0.147358	72
-0.364690	44
0.335938	59
0.208740	58
-0.039916	64
-0.257111	53
-0.054890	77
0.040702	56
-0.017311	64
0.154216	69
-0.227741	63
-0.450033	23
-0.142142	63
0.381569	31
-0.035653	65
0.345897	44
0.036117	76
-0.168435	57
-0.166106	58
0.334722	60
-0.023309	78
-0.292530	47
0.069733	71
0.027059	77
-0.353245	47
-0.147143	64
-0.175927	67
-0.055279	78
-0.230434	54
0.353653	38
-0.214779	49
0.138351	51
-0.038524	66
-0.392727	36
0.114445	76
-0.004832	75
0.225038	57
-0.099968	61
0.274178	51
-0.054835	79
0.098172	69
0.017287	62
0.277631	52
0.133079	52
0.074032	89
-0.236349	55
-0.312895	38
-0.147200	65
-0.301211	54
-0.094362	62
-0.005054	76
0.207118	59
-0.231334	56
0.033593	77
0.368195	37
0.147182	73
0.312894	44
-0.028546	79
-0.056587	80
0.176811	59
-0.187839	68
0.133643	53
-0.099551	63
0.024245	78
0.033512	78
-0.196556	47
-0.046374	76
-0.136590	67
-0.228212	64
0.059477	68
-0.417163	34
-0.176264	68
0.257510	50
-0.158936	70
0.336422	61
0.323524	47
0.276769	53
0.068545	72
-0.456581	24
-0.032218	67
0.173076	60
0.076121	90
-0.279715	65
-0.181627	69
0.226111	58
-0.071555	61
0.195915	45
-0.281675	48
0.409733	33
-0.048226	77
0.043475	57
0.358549	39
-0.010680	65
0.275198	54
0.191388	46
0.396484	27
-0.181095	70
0.016226	63
0.221353	59
-0.408128	42
-0.176381	69
-0.037930	68
0.092468	70
-0.189597	71
0.200843	60
-0.176207	70
-0.319742	39
0.128931	84
-0.406769	43
0.298959	45
0.234850	53
-0.010154	66
0.261286	64
-0.095481	64
0.305295	35
-0.366376	45
-0.345879	56
-0.495022	12
0.283614	67
0.096128	71
-0.044683	78
-0.253962	54
-0.458136	25
-0.106031	66
0.405086	34
-0.158673	71
0.304349	36
-0.169545	59
0.114597	77
-0.304156	55
-0.303380	56
-0.337202	52
-0.082193	64
0.192254	47
-0.094104	65
0.181095	53
-0.357877	48
-0.133007	68
-0.401919	44
-0.168833	60
0.051250	69
0.093490	72
-0.071939	62
-0.096194	66
0.211035	56
0.302633	37
-0.230205	57
-0.117422	62
-0.187923	72
0.290318	46
-0.098563	67
0.155815	70
-0.157831	72
0.048223	58
-0.067508	90
-0.449321	14
0.167718	68
0.241819	65
0.017224	64
-0.076287	63
-0.167889	61
0.209056	61
0.371946	31
0.255069	51
-0.045699	79
-0.167936	62
-0.427324	18
0.175593	61
0.107975	68
0.003134	64
0.098942	73
-0.084766	65
0.235410	54
-0.119704	63
-0.074664	64
-0.081997	66
0.068643	73
0.364310	38
-0.215552	50
0.238851	55
-0.117648	64
0.137074	54
-0.002034	77
-0.235277	58
0.049182	59
0.121757	85
0.381014	32
-0.212366	51
0.197798	48
-0.235757	59
0.249832	66
-0.175416	71
-0.019018	67
0.203686	62
-0.201966	60
-0.336282	53
0.215536	57
0.364283	39
-0.195864	48
0.387867	33
-0.027821	80
-0.203534	61
0.281029	68
-0.233323	60
0.132166	55
-0.004231	78
0.133802	56
-0.093769	68
-0.149159	66
-0.146400	67
0.389279	34
0.339790	62
-0.012661	68
-0.312519	40
-0.102144	67
0.256981	52
-0.023032	81
0.164623	69
0.192841	49
0.255130	53
0.455833	18
0.111908	78
0.125649	86
-0.202771	62
0.094833	74
0.203928	63
-0.062866	91
0.214528	58
0.399815	28
0.178679	62
0.217570	59
-0.232308	61
0.287133	69
-0.207743	63
-0.446311	15
-0.374692	37
0.192651	50
0.104382	69
-0.146444	68
0.172815	63
0.370882	32
-0.296815	48
0.281395	70
-0.428624	19
0.166054	70
0.281180	71
0.334409	63
-0.190792	49
0.144845	74
-0.222781	65
-0.111902	65
0.240433	67
-0.030292	69
-0.136321	69
-0.199843	50
-0.339874	54
0.206356	64
0.046845	60
-0.481682	18
0.141544	75
-0.140950	69
0.391302	29
-0.037792	70
-0.049928	80
0.353170	40
0.261606	65
0.207102	65
-0.187540	73
-0.164174	63
-0.085427	67
0.288200	72
-0.170112	72
-0.063942	92
0.245812	68
-0.243387	50
-0.389349	35
-0.021413	82
0.186488	54
0.127732	87
-0.144986	70
-0.246679	51
-0.045973	81
-0.013557	69
0.163614	71
0.038849	79
-0.022160	83
-0.175785	73
0.160692	72
0.119016	79
-0.197879	51
-0.042747	82
0.435413	21
-0.223570	66
0.250201	54
0.081595	65
0.264822	66
-0.128885	65
-0.148384	71
0.293499	47
0.334992	64
0.482538	25
0.030602	80
0.179435	64
0.155009	71
-0.068017	93
-0.106580	68
0.025551	79
-0.287424	49
-0.390259	37
0.035355	81
-0.124440	66
-0.197295	52
0.104054	70
-0.020312	84
0.262016	67
0.167303	73
0.339821	65
0.264004	68
0.037107	82
0.483642	26
0.131311	57
-0.284999	50
-0.442708	16
-0.043094	83
0.160680	74
0.091543	75
-0.144791	72
0.178736	65
-0.226029	67
0.117175	80
0.025316	80
0.268630	69
-0.275269	66
-0.108596	69
0.377074	33
0.201791	66
0.447686	24
0.178523	66
0.365681	40
-0.184950	74
0.275865	55
-0.386368	36
-0.004000	79
0.006481	65
0.263733	70
0.066110	74
-0.212371	52
0.457425	19
0.365589	41
-0.156516	73
0.323415	48
-0.211871	53
0.139102	58
0.242221	69
0.423189	26
-0.100593	70
-0.400201	45
0.354348	41
-0.303683	57
0.319701	45
0.259148	55
-0.033364	71
0.447225	25
0.042967	61
0.147240	76
0.322673	49
-0.348008	57
0.070967	91
-0.180885	75
-0.221997	68
-0.034280	72
-0.181047	76
0.102807	71
-0.217286	54
0.282261	73
0.265254	71
0.052905	70
0.055408	71
0.024653	81
-0.151352	74
0.291753	48
-0.360697	46
0.194228	51
-0.083324	68
-0.010108	70
-0.023383	85
0.092487	76
0.072036	92
0.029246	82
-0.097569	69
0.267033	72
0.311765	46
-0.152186	75
0.191209	52
0.337644	66
0.356119	42
0.105597	72
-0.104245	71
0.184116	55
0.204437	67
-0.211738	55
0.167251	75
-0.347163	58
0.132902	59
-0.157991	76
0.341389	45
0.097903	77
0.103951	73
0.138405	60
0.217798	60
-0.058554	81
0.198715	53
0.141320	77
-0.412013	35
-0.371913	38
0.321786	50
-0.065599	94
0.346250	46
-0.433983	22
-0.003633	80
0.154357	72
-0.134866	70
0.232536	56
0.033856	83
-0.048082	84
0.146585	78
-0.155019	77
-0.235414	62
-0.380080	37
-0.055177	82
-0.299105	49
-0.325396	42
-0.288978	51
0.396772	30
0.186098	56
0.001310	66
-0.030954	73
-0.386717	38
-0.402182	46
-0.022650	86
-0.250447	55
0.297968	49
0.322214	51
-0.204425	64
0.247814	70
-0.382533	39
-0.155203	78
0.415790	35
-0.128314	67
-0.058244	83
-0.006401	81
0.076923	93
0.134821	61
-0.181538	77
-0.015097	71
0.172562	67
-0.286553	52
0.008649	67
0.142978	79
-0.187314	78
-0.108853	72
0.047670	62
0.180100	57
0.118361	81
-0.336360	55
0.271179	56
-0.130826	71
0.278748	57
-0.011788	72
0.337676	67
0.072063	94
0.277450	58
-0.208870	65
0.069975	75
0.106426	74
0.485923	27
0.068999	76
0.113438	82
0.338073	68
-0.235224	63
0.072251	95
0.061001	77
-0.105325	73
-0.088344	69
0.356860	43
-0.143259	73
-0.243167	52
-0.373517	39
-0.397322	38
0.127501	88
0.303937	38
-0.117476	66
-0.155645	79
-0.089237	70
-0.217468	56
-0.128004	68
0.252515	56
-0.243221	53
-0.014463	73
-0.094469	70
-0.352439	49
0.029064	83
0.436792	22
0.318479	47
-0.096812	71
-0.101023	74
-0.208358	66
0.225924	60
-0.015681	74
0.309090	39
0.462627	23
0.313628	48
0.275444	59
0.396496	31
0.177509	68
-0.346918	59
0.072336	96
0.020536	84
0.188533	58
0.073377	97
-0.340614	60
-0.264561	61
0.239402	57
-0.023332	87
0.102948	75
0.025571	85
-0.053608	84
-0.170025	74
0.321110	52
-0.323423	43
-0.209897	67
0.021650	86
0.227904	61
-0.017048	75
-0.312528	41
-0.344414	61
0.040958	63
-0.088548	71
-0.123110	69
0.371596	34
0.269536	73
-0.066533	95
-0.085982	72
0.306641	40
-0.456222	26
-0.320677	44
-0.214605	57
0.418806	36
0.216409	61
0.306344	41
0.094499	78
0.072198	98
0.253294	57
0.170627	69
-0.038024	74
0.010809	65
0.257162	58
-0.183180	79
0.328944	53
-0.094755	72
-0.252281	56
-0.153800	80
-0.186355	80
0.061878	78
-0.043645	85
-0.380641	40
-0.130770	72
0.320666	54
0.121227	89
-0.328209	45
-0.417405	36
0.034878	84
0.322066	55
-0.132311	73
-0.126951	70
0.049063	64
-0.051526	85
-0.134641	74
0.422506	27
0.026959	87
0.029652	88
-0.482391	19
-0.230634	64
-0.436306	23
0.317538	49
0.419872	37
0.120392	90
0.166908	76
-0.143445	74
-0.040084	86
0.186257	59
0.118433	83
-0.003836	82
-0.222939	69
0.196341	54
0.413152	38
0.407657	35
-0.260410	62
0.330251	69
-0.466413	16
-0.062292	96
0.304417	42
0.263362	74
0.003985	68
-0.294408	50
-0.126950	71
0.492457	10
-0.365904	47
-0.315521	42
0.069684	79
0.425693	28
0.009775	69
0.009622	70
0.246828	71
0.143925	80
0.176870	70
-0.166448	64
-0.344849	62
0.015676	66
-0.204035	68
0.353525	44
-0.172294	75
0.347502	47
-0.038610	75
0.217752	62
-0.098547	73
0.174338	71
-0.295456	51
0.284122	74
0.181008	60
-0.137405	75
-0.062651	97
-0.123289	72
0.079505	99
-0.254826	57
0.014409	67
-0.292722	52
0.276071	60
0.174305	72
0.241499	72
-0.160617	65
-0.446172	17
-0.052200	86
0.016611	68
-0.097349	74
-0.247550	54
0.037484	85
-0.031304	76
0.080765	66
-0.293698	53
-0.318790	43
0.184148	61
-0.442121	18
-0.226233	70
0.067507	80
-0.073144	65
-0.079571	66
-0.247494	55
-0.028752	88
0.139753	62
0.123928	91
0.319926	50
0.048439	65
0.391514	32
-0.303122	58
0.352334	45
-0.270404	67
-0.217640	58
0.009633	71
0.281739	75
-0.201189	69
0.268428	75
0.455741	20
0.142375	81
-0.081974	73
0.239083	58
-0.013490	76
0.342972	48
0.344000	49
-0.288392	53
-0.109868	75
-0.234200	65
0.166040	77
0.380661	35
-0.108856	76
-0.439155	24
0.280365	76
0.247681	73
0.211941	63
0.356321	46
0.295083	50
0.312390	51
0.056660	72
0.174478	73
-0.312391	44
0.326954	56
-0.002970	83
-0.365099	48
0.086662	67
0.100130	76
0.041938	66
-0.193132	53
0.077356	100
-0.183346	81
0.161596	78
-0.314132	45
0.068689	81
-0.205793	70
0.175729	74
0.306486	43
0.392889	33
-0.164692	66
-0.479862	11
0.361205	42
-0.125965	73
-0.228500	71
-0.219634	59
-0.154572	81
-0.294092	54
0.180010	62
-0.043864	87
-0.044749	88
0.009313	72
-0.170410	76
-0.160964	67
-0.178522	77
0.009410	73
0.376538	35
0.117598	84
-0.302643	59
0.176202	75
-0.274569	68
-0.028990	89
-0.305743	60
0.151836	73
0.023080	89
0.186268	63
0.045467	67
0.379520	36
0.229575	62
0.204044	68
-0.326337	46
-0.138640	76
-0.163770	68
0.003209	74
0.170557	76
-0.162308	69
0.002677	75
0.083864	68
0.007131	76
-0.204783	71
-0.247029	56
-0.045466	89
-0.109922	77
-0.251167	58
0.158328	74
-0.012024	77
0.178190	77
-0.195687	54
-0.419868	37
0.157270	75
0.284105	77
-0.323299	47
0.274904	61
-0.395011	39
-0.133669	77
0.269842	76
0.062499	82
-0.056692	87
0.224375	63
-0.033975	77
0.081410	69
-0.277680	69
-0.115600	67
-0.025990	90
0.431156	23
-0.159495	82
-0.304821	61
-0.312392	46
-0.267024	63
0.126158	92
-0.281615	54
-0.217075	60
-0.226423	72
-0.108974	78
-0.394004	40
0.364086	43
0.188972	64
-0.070271	67
0.222072	64
-0.400639	47
