0.065347	1
-0.278550	1
0.031985	1
-0.033155	1
-0.456909	1
-0.232749	1
0.121579	1
-0.343616	1
-0.234067	2
-0.133040	1
0.037772	2
0.399627	1
-0.119679	1
-0.299225	1
-0.285593	1
-0.305830	1
-0.169855	1
0.236568	1
0.144017	1
0.267706	1
-0.195136	1
0.445473	1
0.071084	1
0.140428	2
0.112317	1
0.037245	3
-0.315667	1
-0.223514	1
0.030383	4
-0.234386	3
0.228513	1
0.448252	2
-0.088396	1
-0.244192	1
0.167986	1
0.088889	1
0.215530	1
0.105541	1
0.255677	1
-0.100682	1
0.160825	2
-0.020450	1
-0.129509	1
-0.001352	1
-0.020708	2
-0.050848	1
-0.027860	3
-0.210537	1
0.015574	1
0.034293	5
0.497153	1
0.201168	1
0.214455	2
-0.064238	1
0.375488	1
0.070799	2
0.026434	1
-0.260180	1
0.069052	2
0.133319	1
-0.142830	1
-0.068311	2
0.263351	2
0.271284	1
-0.154157	1
-0.208316	1
-0.010223	1
0.124860	2
-0.331347	1
-0.001767	2
0.038803	6
0.412742	1
0.098056	1
-0.224002	2
-0.048799	1
-0.274990	2
-0.090094	1
-0.013622	2
0.180241	1
-0.050281	2
0.141144	3
0.136083	2
0.286340	1
-0.319675	2
-0.142725	2
0.062050	3
0.088674	2
-0.014090	3
0.178082	1
0.119352	2
0.027451	2
0.291375	1
-0.122090	2
0.359736	1
-0.199121	2
-0.456166	2
-0.252379	1
-0.075300	1
0.047181	1
0.202016	2
-0.135997	2
-0.173906	1
0.086880	3
0.140102	4
-0.264694	2
0.470330	1
-0.316962	3
-0.102766	2
0.085884	4
0.242386	1
-0.241010	2
-0.362280	1
0.412972	2
-0.028668	4
-0.233155	4
-0.128369	3
0.063818	4
-0.352029	1
0.078681	3
0.486373	1
0.369400	1
0.216803	3
-0.085110	2
0.228147	2
-0.216873	2
0.244019	2
0.129323	3
0.041338	2
0.258573	2
-0.302567	2
-0.075518	2
0.044674	3
-0.147882	3
-0.214696	3
0.120237	4
-0.392085	1
-0.046505	2
-0.101111	3
0.139497	3
-0.037013	2
0.121432	5
-0.028649	5
0.230917	2
0.143405	5
0.181130	2
-0.496963	1
0.278430	2
-0.220476	3
0.009288	1
0.283291	2
-0.017501	4
-0.158956	2
-0.403314	1
-0.204021	2
0.037287	7
0.024762	3
0.223380	3
-0.215531	4
0.251026	3
-0.450361	3
0.018486	2
0.197875	1
-0.450672	4
0.302747	1
-0.323131	1
0.398729	2
-0.338263	2
0.340979	1
0.280311	3
-0.073519	3
-0.120369	4
-0.051925	3
0.154579	1
0.236982	3
-0.249954	3
0.078159	4
0.277814	3
0.018924	3
0.134209	4
-0.407032	2
-0.222422	4
-0.124317	5
0.325084	1
0.359815	2
0.223750	4
-0.434010	1
0.301125	2
-0.134257	3
-0.289063	2
0.404642	1
-0.262003	3
-0.448481	1
0.130426	5
0.062380	5
-0.323554	2
-0.100371	4
0.078657	5
-0.292505	2
-0.182802	1
-0.403423	3
-0.011062	5
0.187008	3
0.202531	3
-0.003077	3
0.079227	6
-0.237313	5
0.072629	7
-0.210596	5
0.033500	8
-0.244494	4
-0.285497	3
-0.330324	3
0.378196	2
-0.026479	6
-0.429352	1
-0.419787	1
0.209905	4
-0.185211	2
0.209058	5
-0.444917	2
0.421435	1
0.004366	2
0.007184	3
-0.128727	6
0.226369	5
0.146172	6
-0.189347	3
0.358623	3
-0.271759	3
-0.168884	2
0.181561	4
0.084101	5
-0.414376	2
0.115977	3
-0.016681	6
-0.032324	3
-0.425579	2
-0.219394	6
-0.147589	4
0.058223	1
-0.074788	4
0.186592	5
-0.053223	4
-0.081126	3
0.330984	1
-0.005237	4
0.298645	2
-0.072660	5
0.186924	6
-0.239304	6
-0.074224	6
0.023669	4
-0.481962	1
0.017781	4
-0.098958	2
-0.412496	3
0.124963	6
-0.394101	2
-0.105257	5
-0.122396	7
0.028226	5
0.271781	4
-0.183519	4
-0.326950	3
-0.129041	8
-0.050462	5
-0.344370	2
0.382368	1
0.335749	2
-0.029456	7
0.168964	3
0.408812	2
-0.485520	2
-0.239059	7
0.166004	4
0.297879	3
0.383634	2
0.012218	5
0.239207	4
-0.380804	1
-0.438759	2
-0.281747	4
-0.389747	2
-0.307156	3
-0.130238	4
-0.019054	7
0.397199	3
0.231635	5
0.088401	6
-0.479118	1
0.018642	6
-0.476329	2
0.419067	3
-0.316073	4
0.131689	6
0.089643	7
0.151687	2
-0.063090	3
0.153386	3
-0.284965	5
-0.353163	2
-0.084425	4
-0.160998	3
-0.334858	4
-0.150355	3
-0.314979	5
-0.180233	5
0.212213	4
-0.043979	3
-0.180263	6
-0.255395	2
0.109047	2
0.238474	6
-0.144156	5
0.407494	3
0.339382	3
0.190833	2
-0.183295	7
0.182275	7
0.081440	8
-0.165928	4
-0.462603	1
0.021247	6
0.059167	2
0.124471	7
0.000447	4
-0.275633	4
-0.149948	6
-0.271813	5
0.238764	7
-0.115249	2
0.126144	8
-0.440059	3
0.297604	4
-0.429553	3
-0.152296	4
0.044028	4
-0.058049	6
0.290159	5
-0.198073	3
0.300523	3
-0.393365	3
0.144951	7
0.197684	3
-0.232234	8
-0.319030	6
0.038291	9
-0.238464	9
0.475199	2
0.022188	7
-0.097124	3
-0.072722	7
0.269331	3
-0.049793	4
-0.034457	4
-0.321330	4
-0.193219	4
0.244721	3
-0.205181	3
-0.005113	5
-0.174006	2
0.045288	5
-0.111328	3
-0.143560	7
-0.378899	1
0.292912	6
0.147488	8
0.175762	2
0.401055	4
0.034041	10
0.100934	3
0.167451	5
-0.133133	5
0.045019	6
-0.007310	6
0.173932	3
0.366734	2
-0.139434	6
0.045260	7
-0.443337	4
-0.360011	2
-0.127169	9
-0.258224	3
-0.466052	2
0.005058	5
-0.013044	8
-0.011435	9
-0.435773	3
0.357344	4
0.208262	6
0.123280	9
0.302444	4
0.097744	2
0.210247	5
-0.131833	7
-0.113173	4
-0.150753	5
-0.311827	7
0.119362	4
0.015632	7
0.393220	4
-0.211429	7
-0.438478	4
-0.333495	5
-0.328679	5
0.198355	4
-0.108952	6
-0.085065	5
0.190874	5
-0.424825	4
0.261654	4
-0.234519	10
-0.100570	7
0.233137	8
0.483688	2
0.102840	4
-0.336474	6
-0.100878	8
0.466631	1
0.097955	3
0.120912	10
0.036609	11
0.171677	4
0.102754	5
-0.110913	5
0.306171	5
0.132063	7
-0.042567	5
0.190005	6
0.103760	6
0.390053	5
0.011262	8
0.087799	9
-0.079169	8
0.138927	8
0.388211	3
0.075845	8
0.079486	9
0.025637	8
-0.429069	5
0.432618	1
0.429607	2
0.077988	10
-0.444471	5
-0.154330	6
-0.352494	3
0.037511	12
0.227873	6
-0.289544	6
0.094971	4
-0.042540	6
-0.465836	3
-0.354353	4
-0.111669	6
0.361424	3
-0.117447	7
-0.150021	7
0.277847	5
0.387518	4
-0.239941	11
0.026840	9
0.073005	11
0.253135	4
-0.346450	3
0.135360	9
0.072860	12
0.133951	10
0.342749	2
0.244397	4
0.149726	9
-0.162416	5
-0.049161	7
-0.166795	6
0.456752	1
0.147954	10
-0.002875	7
0.194911	7
0.263460	5
-0.380313	3
-0.475504	3
0.285598	4
-0.238368	12
0.333700	4
-0.270552	6
0.225985	7
0.332760	5
0.324063	2
-0.206460	4
-0.094594	4
-0.174321	3
0.230872	9
0.099324	5
-0.107935	9
-0.018793	10
0.289095	5
0.209882	7
0.219095	6
0.233793	10
0.002601	6
-0.384587	4
-0.018260	11
0.158541	4
0.316102	1
0.008149	7
-0.153786	8
-0.303013	4
0.114783	5
0.234482	11
0.050040	3
-0.059184	7
-0.167682	7
-0.039648	5
-0.023092	8
-0.192305	5
0.247197	5
0.158188	5
0.054698	4
-0.157192	9
-0.223846	5
0.344987	3
-0.008996	8
0.036030	13
0.428850	3
-0.094926	5
-0.405912	4
0.029138	10
-0.351760	5
-0.377644	2
-0.065628	4
-0.048706	8
0.480552	3
0.200237	8
-0.254033	4
0.281966	6
-0.220449	6
-0.156922	10
-0.249845	5
-0.181643	8
-0.373057	3
-0.042459	9
-0.256209	5
-0.033381	6
0.076155	13
0.133569	11
0.097436	6
-0.014986	12
0.392555	6
-0.237113	13
0.203463	9
-0.094048	6
0.031965	14
-0.142726	8
-0.185825	9
0.090328	7
-0.028279	9
0.393835	7
-0.121463	10
0.095148	8
0.170129	5
0.271904	6
0.158783	6
-0.182790	10
-0.057441	8
-0.471709	4
-0.004912	9
0.200226	10
-0.247156	6
0.329785	3
0.188966	8
-0.265246	4
0.125159	11
0.067396	6
-0.321551	6
-0.119126	8
0.280282	7
0.012198	9
-0.203197	5
-0.235962	14
-0.323339	7
0.018737	10
0.163180	6
0.292803	7
-0.082576	6
0.263951	6
-0.103358	10
0.416434	4
0.155076	7
0.003332	8
-0.165220	8
-0.181301	11
-0.257975	6
0.163013	7
-0.347114	4
-0.069314	5
-0.065377	6
-0.463240	4
0.070203	14
-0.214103	8
-0.055246	9
0.124234	12
-0.034119	7
-0.142810	9
-0.295824	3
0.177708	6
-0.032688	8
0.055664	5
-0.076627	9
0.083998	10
0.105450	7
-0.465805	5
0.208832	11
0.118720	6
-0.295557	4
0.007424	9
0.162117	8
0.036443	15
0.066276	7
0.082976	11
-0.302149	5
0.289151	8
0.057095	6
0.342929	4
0.290080	8
-0.159081	11
0.064983	8
-0.456045	5
-0.209256	6
-0.180690	12
-0.232451	15
0.344693	5
-0.030553	9
0.404779	5
-0.227606	7
-0.442900	6
0.031651	16
-0.033793	10
0.093801	9
0.133043	12
0.075964	15
0.457890	2
-0.151925	12
-0.271068	7
0.090398	10
0.318177	2
0.197371	8
0.219300	7
0.188535	9
-0.136793	8
0.197058	9
0.172265	7
0.371945	3
0.003202	10
0.173873	8
0.040437	8
-0.134896	9
0.189200	10
-0.232726	16
0.081058	12
0.033848	17
0.433128	2
0.457457	3
0.205585	12
-0.232587	17
0.459059	4
-0.106499	11
0.476334	3
-0.355545	6
-0.359458	7
-0.059625	10
-0.250011	7
0.177976	9
-0.350718	8
0.055420	7
0.232361	12
-0.294269	5
-0.464734	6
0.176246	10
-0.375780	4
-0.425264	6
0.258634	5
-0.093000	7
-0.097117	8
-0.212121	9
-0.019604	13
-0.123585	11
0.109855	8
0.153130	8
-0.114267	9
0.015291	11
0.356179	5
0.167441	9
-0.411399	4
0.114176	7
-0.355270	9
0.199171	10
0.277165	7
0.380710	5
0.496027	2
-0.114307	10
0.222242	8
-0.235543	18
-0.239853	19
-0.105885	12
-0.047745	10
-0.406612	5
-0.352035	10
-0.149885	10
0.355981	6
-0.159601	13
0.180512	11
-0.464742	7
-0.285530	7
-0.285520	8
0.482461	4
0.362982	4
-0.270312	8
0.366343	5
-0.176679	4
0.044344	9
0.038895	18
0.139823	13
-0.156134	14
0.185346	12
0.143910	11
0.132261	14
-0.094417	9
-0.208512	7
-0.289138	9
0.081137	13
-0.121521	12
-0.240310	7
0.174224	11
0.121463	13
-0.103686	13
-0.192647	6
0.264414	7
-0.074396	10
-0.059531	11
0.332115	6
-0.188660	13
-0.075047	11
-0.191772	7
0.131849	15
-0.207545	8
-0.216258	10
0.276819	8
-0.279625	9
0.373016	4
-0.044229	11
-0.122471	13
-0.467756	8
0.063456	9
0.221235	9
0.256852	6
0.399839	8
0.243124	6
0.441168	3
-0.182010	14
0.073064	16
-0.000579	10
0.188559	13
-0.439039	5
0.163618	10
-0.002875	11
-0.217881	11
-0.154653	15
0.426120	4
-0.279516	10
0.162876	11
-0.341331	5
-0.318537	8
-0.042388	12
-0.016352	14
-0.483922	3
-0.109262	14
0.036387	19
0.313075	3
-0.471793	5
0.267229	8
-0.312874	9
0.043949	10
-0.192144	8
-0.022114	10
-0.222338	8
-0.156207	16
0.348251	6
-0.431100	6
0.172246	12
-0.222131	9
0.001054	11
-0.312957	10
0.124755	14
0.177300	13
0.040018	11
0.278780	9
0.199248	11
0.028948	11
0.114636	8
0.353260	7
0.078544	17
0.218279	8
-0.042935	13
-0.040370	14
-0.272736	11
0.344867	7
-0.277442	12
-0.290121	6
0.319588	4
0.193290	12
-0.028432	11
-0.300348	6
0.096342	11
-0.095722	10
0.147410	12
0.311538	5
0.224480	10
-0.041175	15
-0.041836	16
0.224150	11
0.145266	13
-0.003483	12
-0.106659	15
0.182293	14
-0.156327	17
-0.168903	9
-0.130703	10
-0.128880	14
-0.363370	3
-0.180046	15
0.128831	15
-0.060358	7
0.057903	8
0.001705	12
-0.273067	13
0.212883	9
-0.100260	16
-0.345463	6
-0.335500	7
-0.423636	7
0.249451	7
-0.407005	6
0.184236	15
-0.403327	7
0.186207	16
0.201024	13
-0.302111	7
-0.109204	17
-0.052941	12
-0.119326	11
0.229414	12
-0.102224	18
0.004671	13
0.068879	10
0.096104	12
0.042707	12
0.016280	12
-0.100245	19
-0.427390	8
-0.171878	5
-0.255111	8
0.112318	9
0.058809	9
0.014249	13
-0.127658	15
0.140976	14
0.058161	10
0.028976	12
0.144596	15
-0.170169	6
-0.340160	7
-0.060871	8
-0.169859	10
0.241574	8
-0.011284	15
0.017326	14
0.250089	7
0.421073	5
0.136100	16
0.218794	10
0.172495	14
0.105112	9
-0.199625	9
0.105908	10
-0.398118	4
0.310254	6
-0.203400	9
0.023993	13
0.203572	14
0.151883	9
0.183959	17
-0.253339	9
-0.278552	14
-0.058400	13
-0.336607	8
0.014739	15
0.250524	8
0.042250	13
0.100131	11
0.086473	14
-0.181400	16
0.084955	15
0.178499	15
0.207690	15
-0.354721	11
0.010683	16
-0.423433	9
0.092276	13
0.006222	14
0.059494	11
0.221419	13
-0.394515	5
0.359456	8
-0.006566	13
-0.163650	11
0.081613	16
0.328146	4
-0.100127	20
-0.274709	15
0.143723	16
0.262047	9
-0.067398	9
0.090865	14
0.161918	12
0.362211	6
0.275225	10
0.098857	15
0.263758	10
0.362227	7
-0.224862	10
0.399755	9
-0.140853	11
-0.302147	8
0.349190	8
0.069407	11
0.191291	13
0.166833	13
-0.201906	10
0.194689	14
-0.046212	17
0.362712	8
-0.203029	11
0.231556	13
0.295518	9
0.241917	9
-0.215039	12
-0.140214	12
-0.172584	7
0.287464	9
0.167592	14
-0.147275	13
-0.415637	5
-0.146588	14
0.005017	15
-0.348925	8
0.121076	16
-0.010256	16
-0.023611	12
0.394742	10
0.008828	16
0.412407	5
0.113632	10
-0.223475	11
-0.073673	12
-0.385716	5
0.049185	14
0.060153	12
0.118724	11
0.291202	10
-0.385996	6
0.109246	12
0.049980	15
0.408000	6
0.220692	14
0.048560	16
-0.200941	12
0.261492	11
-0.085259	7
-0.247341	8
-0.062546	10
0.093484	16
0.106841	13
0.042004	17
0.125644	17
-0.222414	12
0.131106	17
0.420608	6
0.461277	2
0.222892	15
0.372773	5
-0.045996	18
-0.396850	6
0.314423	7
-0.275615	16
0.302754	6
-0.337253	9
0.162092	15
0.409183	7
0.336408	7
-0.240523	9
0.160222	16
0.423162	7
0.126047	18
-0.372803	5
0.197999	15
-0.127000	16
0.371697	6
0.307974	7
-0.137583	11
0.112139	12
-0.218940	13
0.202238	16
0.263302	12
-0.046322	19
-0.059617	14
-0.140030	15
-0.055515	15
0.192444	16
-0.001045	14
0.371804	7
0.087556	17
-0.161304	12
-0.326286	8
-0.008213	15
-0.230704	20
-0.253319	10
-0.437684	7
-0.262206	5
0.105657	14
-0.040005	20
0.343972	9
-0.299254	7
0.077359	18
-0.238727	21
0.217761	11
-0.164244	13
0.381052	6
-0.111421	12
0.209823	17
0.106352	15
-0.063334	11
0.440216	4
0.137201	18
0.369851	9
-0.110740	13
-0.438564	8
-0.457274	6
0.246270	10
-0.248951	10
-0.376345	6
-0.115445	14
-0.355039	12
0.085131	18
-0.191716	10
-0.206931	13
0.016418	17
0.349406	10
0.200583	18
-0.105204	21
0.037516	20
0.016464	18
-0.401113	8
-0.166843	14
-0.049467	21
-0.412735	6
0.226847	16
-0.432514	9
0.241765	11
0.093586	17
0.074057	19
0.367789	10
0.006222	17
-0.014054	17
-0.143475	16
-0.228267	13
0.031035	21
0.336655	8
-0.221436	14
-0.084549	8
0.271133	11
-0.379082	7
-0.134583	12
0.377220	8
-0.276418	17
0.306399	8
-0.153923	18
-0.084833	9
0.210061	12
0.329957	5
0.295985	11
0.213423	13
0.075496	20
0.409067	8
0.329761	6
-0.359043	13
0.111358	13
0.203446	19
0.195403	17
-0.103345	22
0.350124	9
0.148010	17
-0.232524	22
-0.278783	18
0.280013	10
-0.181623	17
-0.022486	13
0.194203	18
0.132319	19
0.045991	18
-0.055676	16
0.154686	10
0.316932	8
0.298305	12
0.220347	17
0.326335	7
-0.220304	15
0.073557	21
-0.175321	8
0.093762	18
0.102308	16
0.158267	11
-0.025000	14
0.352477	10
-0.404961	9
-0.128294	17
-0.463461	9
-0.151620	19
-0.253871	11
0.067814	13
-0.004362	16
0.121354	19
0.114719	14
-0.169036	15
-0.288179	10
0.165767	17
0.031732	22
-0.235125	23
-0.360696	4
0.320197	8
0.042448	19
0.110738	15
-0.103955	23
0.319193	9
-0.012626	18
-0.174518	9
0.275149	12
0.332720	9
0.197753	19
-0.178739	10
-0.294036	8
-0.491651	2
-0.203820	14
-0.392292	7
0.388003	7
-0.479258	6
-0.226006	16
0.147528	18
-0.067923	12
-0.201383	15
0.072270	22
-0.272715	19
-0.234983	24
0.224917	18
0.119923	16
0.348266	11
0.231131	14
-0.221574	17
-0.105036	24
0.371416	9
-0.048597	22
0.026541	14
0.221270	19
-0.343316	9
0.230926	15
-0.336758	10
-0.052109	17
-0.072026	13
0.022886	15
0.012509	19
0.394410	11
-0.324986	9
0.322678	9
-0.190562	11
0.436533	3
-0.011877	19
0.360420	11
0.072157	23
-0.232197	25
-0.234222	26
-0.052058	18
-0.002468	17
0.057908	12
0.268188	13
0.123515	20
-0.013287	20
-0.001450	18
0.465213	3
0.094215	19
-0.000460	19
0.216544	14
0.151540	12
-0.093104	11
0.320230	10
0.343041	12
0.485126	5
0.065727	14
-0.215188	14
-0.377796	8
0.017329	20
0.061618	15
-0.196915	12
0.024648	16
-0.030032	11
-0.363737	5
-0.153272	20
0.320235	11
0.327210	12
-0.060203	13
-0.115569	15
0.248095	12
0.356258	11
0.062221	16
-0.286476	11
0.151705	13
-0.120693	18
-0.183718	18
-0.041263	23
-0.237341	27
0.215523	15
-0.348851	10
-0.028310	15
0.115974	17
-0.276121	20
0.273315	13
0.028442	17
-0.065222	14
-0.335594	11
-0.270046	21
-0.174548	11
0.352508	12
0.337693	10
-0.118163	16
-0.096795	12
-0.217154	15
-0.156523	21
0.005707	18
-0.174648	12
-0.440730	7
-0.124428	19
-0.466586	10
0.039239	23
-0.138023	13
-0.379063	9
-0.166704	16
0.151172	14
0.143880	19
0.254583	9
-0.093954	13
-0.259523	12
-0.050531	19
0.223491	20
-0.093300	14
0.365610	12
0.009285	19
0.031451	24
0.176674	16
-0.197207	13
0.167122	18
0.310444	10
0.435414	4
0.019502	21
-0.091841	15
-0.012219	21
-0.250963	13
0.311993	11
0.179268	17
-0.347894	11
0.296157	13
0.197547	20
0.308823	9
0.086504	19
-0.389707	7
0.260451	14
-0.355106	14
0.246755	13
0.160392	19
-0.166497	17
-0.143134	17
-0.094270	16
0.230377	16
-0.069542	15
0.063931	17
0.021369	18
-0.142057	18
-0.399341	8
-0.044174	24
0.411407	6
-0.170637	13
0.369655	13
-0.193356	14
0.353016	13
-0.032399	12
0.124622	21
0.123488	22
0.085090	20
-0.110755	17
-0.413226	7
-0.148104	19
-0.166085	18
-0.243850	11
-0.178731	14
0.313390	12
0.367720	14
-0.148641	20
0.057256	13
-0.259815	14
-0.137446	14
0.284434	11
-0.124302	20
-0.314417	11
-0.229580	18
-0.213179	16
-0.242582	12
0.228743	21
0.164076	20
-0.026494	16
-0.073849	14
0.384835	8
0.280167	12
-0.244292	13
-0.474724	7
-0.032109	13
-0.236177	28
-0.317219	12
-0.383392	8
-0.181007	19
0.460030	4
-0.100737	25
0.039708	25
-0.192721	15
-0.225594	19
0.346004	13
0.306922	10
0.207827	20
-0.345859	12
0.345964	14
-0.235493	29
0.365617	15
-0.427413	10
0.325691	13
0.383727	9
0.235208	17
-0.383823	9
-0.089608	10
0.029899	19
0.121971	23
-0.074645	15
-0.133266	15
0.329651	14
0.157525	15
-0.255317	15
0.182660	18
-0.010055	22
-0.117724	18
-0.189446	20
-0.114317	19
0.071128	24
-0.117357	20
-0.221663	20
-0.303734	9
-0.121224	21
0.220039	22
-0.137574	16
0.062315	18
-0.219630	17
0.375673	10
0.108515	17
0.106460	18
-0.002511	20
-0.024900	17
-0.458449	7
0.193629	21
-0.147610	21
0.174051	18
-0.104624	26
-0.445739	8
-0.110815	21
-0.069722	16
-0.196462	16
0.237300	18
-0.450873	8
-0.367654	6
-0.014763	23
0.277458	14
-0.259268	16
0.025775	20
-0.106040	27
-0.053668	20
0.102205	19
-0.309722	10
-0.031424	14
-0.120756	22
0.072191	25
-0.251401	17
0.205798	21
-0.195284	17
-0.187239	21
0.133322	20
-0.322819	10
0.273443	15
-0.020880	18
0.139799	21
0.004930	20
-0.056071	21
-0.327236	11
0.056334	14
0.042846	20
-0.139500	17
-0.378134	10
0.170005	19
0.119331	18
0.274242	16
0.262011	15
0.296471	14
-0.073273	16
-0.045641	25
-0.096737	17
0.047662	21
0.471047	4
0.119083	19
0.120949	24
0.185213	19
-0.306727	11
0.173524	20
0.081812	21
-0.193247	18
0.182515	20
-0.477785	8
-0.266290	6
-0.132601	18
0.046111	22
0.460988	5
0.097128	20
0.348992	15
0.385493	10
-0.234308	30
-0.061566	17
-0.333901	12
0.166109	21
-0.254976	18
0.110795	20
-0.085671	11
-0.006532	21
-0.134204	19
-0.022662	19
0.170477	21
-0.004725	22
0.326701	15
-0.156709	22
0.338244	11
0.030972	26
0.068947	19
-0.181010	22
-0.157445	23
0.304408	11
0.140072	20
0.002598	21
-0.330935	13
0.183523	21
-0.208320	16
0.062891	20
-0.332061	14
-0.112292	22
0.117347	21
-0.294805	9
0.095301	21
0.226191	23
-0.336765	15
0.339611	12
-0.263145	7
-0.282945	12
-0.144609	22
-0.189709	23
-0.026848	20
-0.084981	12
-0.087769	13
0.025639	21
0.126347	25
-0.046804	26
-0.041362	27
-0.382026	10
0.085270	22
0.110326	22
-0.389382	11
0.117154	23
0.248524	14
-0.212067	18
-0.422716	11
-0.071817	17
-0.279489	22
0.345861	16
0.202041	22
0.017718	22
0.091690	22
0.345175	17
-0.419541	8
-0.038522	15
0.085878	23
-0.116388	23
0.087620	24
0.392538	12
-0.010785	24
-0.254973	19
0.339357	13
-0.033008	16
-0.344068	13
-0.460230	11
0.175171	22
0.090163	23
0.251433	10
-0.073361	18
0.136900	22
-0.007980	23
-0.176708	15
-0.216516	19
0.107089	20
0.310273	13
0.327876	16
0.100649	21
0.096211	24
-0.292263	10
-0.338764	16
-0.196989	19
-0.034945	17
-0.071041	19
-0.327080	12
0.017581	23
-0.345484	14
0.246486	15
-0.037531	18
0.032795	27
-0.056916	22
0.019712	24
-0.019181	25
-0.244158	14
-0.105323	28
0.233365	19
-0.056803	23
-0.068663	18
0.082522	25
-0.416500	9
-0.019179	26
0.254353	11
-0.325191	13
-0.272307	23
-0.130982	20
-0.000870	24
-0.434640	10
-0.367015	7
-0.208070	17
0.236294	20
-0.070268	20
-0.383693	12
0.407573	9
0.089240	26
-0.004723	25
0.168923	22
0.206907	23
0.213268	16
-0.259591	20
0.323496	17
0.226128	24
-0.011174	27
-0.167450	19
-0.327475	14
0.058738	15
-0.069698	19
-0.135819	21
-0.297380	11
0.213075	17
-0.347669	15
-0.130397	22
-0.059471	24
-0.240540	15
-0.104366	29
-0.467143	12
-0.210376	20
-0.138302	23
-0.204002	18
0.073147	26
-0.337096	17
0.079439	27
-0.089500	14
-0.230467	31
0.095037	25
0.085952	27
0.266289	16
0.276638	17
0.207010	24
0.188271	22
0.326251	18
-0.123602	23
-0.323647	15
-0.239816	32
-0.374808	11
-0.117589	24
0.296402	15
0.057666	16
-0.159791	24
0.029903	22
0.180493	23
0.046257	23
0.192703	22
-0.232229	33
0.067770	21
-0.012748	28
-0.275585	24
-0.176266	16
-0.378807	12
-0.265255	8
-0.221044	21
0.490492	3
-0.101585	30
-0.288059	13
0.138553	23
-0.426333	12
-0.151828	25
0.224297	25
0.022233	23
-0.382616	13
0.152085	16
-0.167548	20
0.138057	24
0.056794	17
0.322119	19
-0.126707	24
0.270295	18
-0.483492	4
-0.017160	29
0.169061	23
-0.287485	14
0.239702	21
0.327799	20
-0.168747	21
-0.025680	21
-0.106358	31
0.257583	12
0.304458	12
-0.077601	21
0.130472	25
0.195748	23
0.079703	28
-0.189506	24
0.097320	26
0.259691	13
-0.009344	26
0.056735	18
0.082066	28
-0.004146	27
-0.380455	14
0.287237	13
-0.044257	28
-0.065844	20
0.386817	11
0.062850	22
0.432315	5
-0.347056	16
0.227245	26
-0.045686	29
0.151612	17
0.302103	13
-0.304452	12
0.289825	14
0.244190	16
0.331669	14
-0.139325	24
-0.172115	17
0.362594	16
0.433182	6
0.227501	27
0.038515	28
0.215255	18
0.414066	7
0.363335	17
0.133498	26
0.246046	17
0.005976	22
0.033712	29
0.213901	19
-0.400342	10
0.016987	25
0.043039	24
0.038039	30
0.273070	19
-0.205559	19
-0.187470	25
0.181967	24
-0.320871	16
0.094952	27
0.198123	24
-0.188776	26
-0.028562	22
0.294496	16
0.035906	31
-0.112539	25
-0.347814	17
0.004747	23
-0.041468	30
0.275602	20
0.066030	23
0.355638	14
-0.451490	9
-0.367090	8
-0.124486	25
0.148316	21
-0.050945	25
-0.312263	13
0.069559	24
0.030063	32
-0.361145	9
-0.176091	18
-0.073640	22
-0.253799	21
-0.296833	12
0.319548	14
-0.146398	23
-0.244529	16
-0.044300	31
-0.040586	32
-0.232554	34
-0.423447	13
0.340503	18
0.156830	18
-0.342089	18
0.367567	18
-0.093001	18
0.052406	19
0.494793	4
0.216988	20
-0.153218	26
-0.353594	15
0.255925	14
0.393712	13
-0.235371	35
0.186171	25
0.139649	27
0.109994	22
0.136042	28
-0.498178	3
-0.495491	4
-0.030192	19
-0.114950	26
-0.008224	28
-0.078425	23
-0.075827	24
-0.055117	26
-0.143940	24
0.132193	29
-0.283829	15
0.146930	22
-0.258329	22
0.118604	24
-0.090271	19
0.199335	25
-0.479782	9
-0.275167	25
-0.193180	20
-0.357682	16
0.177481	23
-0.125103	26
0.052735	20
0.071982	29
0.043009	25
-0.097326	20
-0.046102	33
0.083127	29
0.064044	25
-0.435082	11
-0.432846	12
0.404527	10
0.436567	7
0.242025	18
0.041957	26
-0.291973	13
0.096042	28
0.136217	30
-0.085830	15
0.118567	25
-0.351945	17
0.268592	17
0.256531	15
-0.101704	32
0.222088	28
0.052421	21
-0.088940	16
-0.346334	19
0.056370	22
-0.048052	34
0.254784	16
0.190040	26
0.107457	23
-0.068669	21
0.216496	21
-0.414950	10
0.108107	24
0.195447	27
0.033778	33
0.277452	21
0.273526	22
0.322843	21
-0.093758	21
0.013670	26
0.010266	27
-0.164110	22
-0.060669	22
-0.425570	14
-0.453148	10
0.252687	17
0.142515	23
-0.164403	23
-0.111469	27
-0.471503	10
0.171312	24
0.070985	30
-0.083341	17
-0.025684	23
0.322838	22
0.057099	23
-0.073055	25
-0.428736	15
-0.444146	9
0.078032	31
0.160905	24
0.039495	34
0.316755	15
-0.464766	13
0.309292	14
-0.215867	21
-0.412951	11
0.181047	26
-0.401006	11
-0.488187	5
0.381273	12
-0.087424	18
-0.201788	20
-0.067334	23
-0.272270	26
-0.367331	10
0.039056	35
0.297537	17
-0.067558	24
0.080788	30
0.120736	26
0.283091	15
-0.240373	17
0.183669	27
0.332599	15
0.248161	19
0.373937	11
-0.207334	21
0.364560	19
0.259657	18
0.197657	28
0.031943	36
-0.061684	25
0.208380	25
-0.378842	13
-0.430559	13
0.439556	8
0.406578	11
-0.063980	26
-0.450243	11
-0.176590	19
-0.186871	27
0.199917	29
0.252663	19
-0.251825	23
-0.294328	14
-0.070722	26
-0.190666	21
0.170741	25
0.231628	22
0.183035	28
-0.215662	22
-0.035012	20
0.351148	15
-0.117801	28
-0.282829	16
0.496764	5
-0.256271	24
-0.015429	30
0.259302	20
0.004186	24
-0.054295	27
-0.409022	12
-0.350301	18
-0.015838	31
-0.224234	22
-0.297966	15
0.123225	27
-0.260226	9
-0.090494	22
0.313569	16
0.015481	28
0.039011	37
-0.452424	12
0.080979	31
0.078651	32
0.436122	9
0.199871	30
-0.393285	9
-0.014577	32
0.263729	18
-0.016137	33
0.149081	24
0.069753	26
-0.420101	16
0.168423	25
0.161737	26
-0.135366	25
-0.404668	13
0.208775	26
-0.074998	27
0.104664	25
0.157019	19
-0.061927	27
-0.259674	25
0.055801	24
-0.229637	23
-0.248570	18
0.087895	32
0.029716	24
0.287154	16
-0.154306	27
-0.438409	14
-0.304141	13
0.129221	28
-0.276178	27
-0.113296	29
0.258341	21
0.112932	26
-0.013028	34
0.124105	29
0.258989	22
-0.052966	28
-0.059557	29
0.153120	20
0.256061	23
0.032650	38
0.033482	39
0.343455	19
-0.388186	15
0.065876	27
-0.295742	16
-0.347185	20
0.231453	23
-0.175539	20
-0.166160	24
0.380280	13
-0.089129	19
0.347225	20
-0.036358	21
0.110185	27
-0.202658	22
-0.306028	14
-0.264139	10
0.030603	40
0.187756	29
-0.210901	23
-0.035167	22
-0.169740	25
0.101807	26
-0.217057	24
-0.451203	13
0.175177	26
0.308208	15
-0.052231	30
0.021072	25
0.204059	27
-0.139061	26
-0.348580	21
-0.198868	22
0.225920	29
-0.420478	17
0.015822	29
-0.393935	10
-0.422830	18
-0.078990	28
-0.321269	17
-0.208020	23
0.345435	21
0.289335	17
0.269779	19
-0.251082	26
0.037412	41
-0.262357	11
0.227281	30
0.111719	28
0.113272	29
0.258984	24
0.104045	27
0.493224	6
-0.163186	26
-0.197053	23
0.197086	31
-0.169911	27
-0.426730	19
0.114222	30
-0.086562	20
-0.135975	27
0.022954	26
-0.063991	28
0.359978	16
-0.177147	21
-0.390445	11
-0.043397	35
0.185904	30
-0.068222	29
0.304192	16
0.184663	31
0.082644	33
0.256005	25
0.193434	32
-0.289800	17
0.103994	28
0.052558	25
0.236863	24
0.005089	25
-0.193380	24
-0.106110	33
-0.016135	35
-0.137624	28
0.127833	30
-0.225339	24
0.369423	20
-0.197888	25
-0.235754	36
-0.178269	22
0.350286	17
0.095506	29
-0.044836	36
-0.290290	17
-0.055843	31
-0.030094	23
0.039920	42
-0.346388	22
-0.158970	28
-0.004643	29
-0.014696	36
-0.083102	21
-0.472199	11
0.204657	28
-0.232550	37
-0.067126	30
-0.252241	27
-0.166633	28
-0.158087	29
0.051740	26
-0.056559	32
-0.267523	12
-0.166189	29
-0.142409	25
-0.392645	12
-0.040868	37
0.052786	27
0.124807	31
-0.445607	10
0.299845	18
0.480724	6
0.176125	27
-0.344739	23
0.413596	8
0.023686	27
0.117188	31
0.058403	28
-0.257049	28
-0.483676	6
-0.467158	14
0.174931	28
-0.052052	33
0.362117	21
0.158758	21
-0.085607	22
0.087517	34
0.214747	22
-0.062057	31
-0.054178	34
0.058035	29
-0.481813	7
0.440599	5
-0.256136	29
-0.026175	24
0.306852	17
0.092877	30
-0.008215	30
0.325072	23
0.128874	32
-0.268763	13
-0.417046	12
0.112489	32
0.067076	28
-0.018410	37
-0.451227	14
-0.104503	34
-0.227557	25
0.171772	29
0.139752	31
-0.187651	28
-0.188742	29
-0.414532	13
0.264109	20
0.037543	43
0.167690	27
0.130232	32
-0.432381	15
-0.073316	29
0.163306	28
-0.177044	23
-0.023007	25
0.090034	31
0.227015	31
-0.351899	19
-0.243339	19
-0.149708	26
-0.049121	38
-0.372585	14
0.271953	23
0.263292	21
0.246451	20
0.004218	26
-0.336063	18
-0.025355	26
0.162587	29
-0.331352	19
-0.050198	35
-0.043180	39
0.391198	14
0.132772	33
-0.329614	18
-0.203245	24
-0.269462	14
0.336755	16
-0.238932	38
-0.400332	14
-0.175245	24
-0.098237	23
-0.206251	25
0.216881	23
-0.053399	36
0.046890	27
0.340827	22
-0.000689	31
-0.194195	26
-0.012352	38
-0.471494	12
-0.317502	14
-0.228720	26
0.151839	22
-0.483074	8
-0.404362	15
-0.150809	30
0.285171	18
0.026251	28
0.236489	25
0.225114	32
-0.044323	40
-0.000873	32
-0.055464	37
0.093289	32
0.104988	29
-0.040432	41
0.092488	33
-0.248117	20
-0.095836	24
-0.245637	21
0.041173	28
0.221459	33
0.124210	33
0.219237	24
0.075197	33
0.111438	33
0.202007	29
-0.100410	35
-0.339701	20
0.424090	8
0.254344	26
-0.134365	29
-0.090492	25
-0.028695	27
0.206588	30
-0.155629	31
0.172825	30
-0.305746	15
-0.316523	15
0.184510	32
0.386913	14
0.051489	30
0.049220	29
0.238453	26
0.108065	30
0.182325	33
-0.014042	39
0.158826	23
0.296327	19
-0.055029	38
-0.220930	27
-0.330837	21
0.447053	6
0.096781	34
0.363813	22
0.336317	17
0.489772	7
0.040401	30
0.183014	34
0.262460	22
-0.073047	30
0.352858	18
-0.297061	18
0.041424	31
-0.177425	25
-0.311259	16
0.070659	34
0.354440	19
-0.240580	22
-0.073637	31
-0.024986	28
0.255477	27
-0.261331	15
-0.043402	42
-0.212693	25
0.382288	15
0.053742	31
-0.236019	39
0.326641	24
-0.131256	30
-0.359350	20
0.467588	6
0.429391	9
-0.367403	11
0.083282	35
-0.316147	17
-0.109094	36
-0.026304	29
0.079407	35
-0.086602	23
-0.202503	26
-0.253272	30
-0.220389	28
-0.292873	19
-0.466464	15
0.158016	24
0.002393	27
0.034956	44
0.302373	18
-0.352686	21
0.218669	25
0.053071	32
-0.238248	40
0.127581	34
-0.078174	32
-0.208851	27
0.357353	20
0.041493	32
-0.289563	18
0.042978	33
-0.159125	32
-0.236661	41
-0.123910	27
-0.121667	28
-0.340319	24
0.240226	21
0.257325	28
-0.108184	37
-0.202257	28
-0.196757	27
-0.212137	26
-0.065406	32
0.120836	35
-0.064230	33
0.221898	34
-0.099721	26
-0.103377	38
-0.054958	39
0.108530	31
-0.262174	16
-0.378123	15
0.101780	32
-0.115062	30
-0.011260	40
0.035386	45
-0.275158	28
0.212134	26
-0.361912	12
-0.262307	17
0.422719	10
0.168510	30
-0.038030	24
0.093476	35
-0.048639	43
0.347620	23
0.440501	7
0.275099	24
0.415839	9
0.203475	31
0.144314	25
-0.110479	31
0.025537	29
0.167764	31
-0.422212	20
-0.283258	19
0.228185	35
-0.208475	29
0.319742	17
0.298891	20
-0.021075	30
-0.001740	33
-0.023987	31
-0.437130	16
-0.148796	27
-0.355563	22
-0.265628	18
-0.086982	24
-0.022134	32
0.190598	33
-0.029664	33
-0.082167	25
-0.225055	29
-0.057104	40
-0.097218	27
-0.294648	20
-0.418115	14
-0.246168	23
-0.090079	28
-0.452540	15
0.304851	19
0.069711	29
-0.348278	25
-0.062016	34
-0.118186	32
0.172188	31
0.173087	32
0.418637	10
-0.297803	21
-0.306499	16
0.060322	30
-0.090835	29
-0.200785	30
-0.356630	23
-0.175231	26
0.128222	36
-0.365881	13
-0.257441	31
-0.178746	27
0.340231	24
0.151685	25
0.225956	36
-0.031850	25
-0.078070	33
0.285505	19
-0.074646	34
-0.222025	30
0.474890	5
-0.052573	41
-0.289003	20
0.120518	37
-0.005435	34
-0.144788	28
-0.221146	31
-0.165087	30
-0.007228	35
-0.002835	36
-0.103985	39
-0.361195	14
-0.216930	27
0.026237	30
0.136475	34
0.202775	32
0.181727	35
0.331479	18
0.341052	25
-0.114241	33
-0.122430	29
-0.175450	28
-0.201627	31
0.257330	29
0.328189	25
-0.167729	31
0.152492	26
0.085643	36
0.356139	21
-0.098751	30
-0.196314	28
0.122414	38
0.063437	31
0.290650	21
-0.290021	22
-0.149663	29
0.107045	33
0.444195	8
0.419872	11
0.319606	18
-0.232761	42
0.029458	31
0.049626	34
-0.172529	29
0.026172	32
-0.186666	30
-0.186445	31
-0.053730	42
0.441426	9
-0.155830	33
0.203407	33
-0.006061	37
-0.380791	16
-0.103285	40
-0.118196	34
0.251741	30
-0.076879	35
-0.299244	23
-0.269812	19
0.061907	32
-0.266048	20
0.287179	20
0.303461	20
0.194586	34
-0.349569	26
-0.000330	38
0.108026	34
-0.349610	27
0.155101	27
0.298444	22
-0.313603	18
0.040570	35
0.346270	26
0.359461	22
-0.046817	44
0.094433	36
-0.231617	43
0.269970	23
0.030590	46
0.012936	30
-0.113811	35
-0.257274	32
0.439718	10
-0.099728	31
-0.176815	30
0.220512	37
-0.424244	21
0.315591	19
0.142740	26
-0.326919	19
0.475896	6
0.494209	7
-0.095824	32
-0.079405	36
-0.400817	16
-0.168183	32
0.256934	31
0.206241	34
0.017890	31
-0.198989	29
0.112311	34
-0.146037	30
0.275583	25
0.087919	37
0.486156	8
-0.132951	31
0.162672	32
0.105797	35
0.024411	33
0.101983	36
0.455921	5
0.129924	39
-0.068942	35
-0.232792	44
0.054872	33
0.035998	47
0.404402	12
-0.292476	24
0.126477	40
0.335287	19
0.164181	33
0.254100	32
-0.499142	5
0.293994	23
-0.382118	17
-0.021891	34
0.385569	16
0.238434	27
-0.377248	16
0.053177	34
-0.287411	21
0.042902	36
-0.308934	17
-0.128927	30
-0.209845	32
-0.326996	20
-0.096957	33
0.182291	36
0.185976	37
-0.179239	31
-0.292746	25
0.197005	35
-0.200517	33
0.095160	37
-0.028238	35
-0.007577	39
-0.245056	24
-0.309442	18
0.186039	38
-0.145143	31
0.227096	38
0.348507	27
0.009697	28
0.181111	39
0.316361	20
-0.253828	33
-0.003668	40
-0.151400	34
0.165660	34
-0.026964	36
-0.107405	41
-0.408553	17
0.041211	37
0.268653	24
-0.375802	17
-0.001753	41
-0.123304	31
-0.252978	34
0.082681	38
-0.146307	32
-0.313402	19
0.015930	32
0.390753	15
0.332290	20
0.264568	25
0.026346	34
-0.089229	26
-0.061515	36
-0.170838	32
0.053021	35
0.404751	13
0.015677	33
-0.184067	32
0.151885	28
0.155894	29
0.010634	34
-0.301560	19
0.310989	21
-0.021783	37
0.050631	36
0.305791	21
0.228590	39
-0.421485	22
-0.341936	28
0.055720	37
-0.100742	42
0.233786	28
-0.078119	37
0.210387	27
0.057499	38
-0.281676	22
0.439035	11
0.065068	33
0.018282	35
-0.173025	33
-0.076893	38
-0.116530	36
0.247633	22
-0.351942	24
-0.250766	35
0.185264	40
0.194029	36
0.108513	37
0.169713	35
-0.166946	33
-0.386133	18
0.215075	28
-0.101495	43
0.129707	41
0.133247	35
0.169791	36
-0.338842	22
0.164314	37
-0.385902	19
0.359255	23
-0.418547	15
-0.332008	23
-0.188337	33
-0.154715	35
0.225985	40
0.430260	12
-0.420446	23
0.242236	23
0.269533	26
0.021964	35
0.326053	26
0.088334	39
-0.056196	43
0.055651	39
-0.001481	42
0.202478	35
-0.442763	11
0.142199	27
0.356169	24
-0.204448	34
0.024939	36
0.159456	30
0.105305	38
-0.056288	44
0.137990	36
-0.130319	32
0.144619	28
-0.047763	45
0.380110	17
0.175126	33
-0.364095	15
0.146056	29
0.431114	13
0.159442	31
0.208109	36
0.465626	7
-0.013499	41
-0.317564	20
0.157700	32
-0.101266	44
-0.466371	16
-0.042007	46
0.265953	27
0.094358	38
0.463888	8
-0.063124	37
0.241590	24
0.093517	39
0.003257	29
-0.077294	39
0.026429	37
-0.177252	34
0.103590	39
0.117636	35
-0.241306	25
0.393021	16
0.242304	25
-0.426187	24
0.100292	40
-0.187364	34
-0.285903	23
0.328404	27
-0.216536	28
-0.132038	33
-0.268687	21
0.190652	37
-0.138205	34
0.493282	8
0.081287	40
-0.070539	40
-0.139881	35
0.131588	37
-0.137518	36
-0.188340	35
-0.351010	25
-0.374309	18
0.045974	38
0.041323	39
0.094831	40
-0.474530	13
0.139483	38
-0.143694	33
-0.104347	45
-0.142425	34
0.350294	25
-0.150254	36
0.179145	34
-0.071762	41
-0.017564	42
-0.236119	45
-0.322890	21
-0.225169	32
-0.430409	17
0.083253	41
-0.053846	45
0.059594	40
0.204035	37
0.083615	42
-0.268540	22
-0.151542	37
0.261481	28
-0.092988	34
-0.330558	24
-0.047772	47
0.316747	22
-0.307370	20
-0.023805	38
0.413826	12
0.346163	28
-0.143176	35
0.257260	33
0.086163	43
-0.446470	12
0.432620	14
-0.183855	36
0.093905	41
0.059545	41
0.264014	29
-0.138930	37
-0.394812	13
-0.014232	43
0.397232	17
-0.356068	26
0.358380	26
-0.326554	22
-0.014945	44
0.382256	18
0.329732	28
0.238917	29
-0.025052	39
-0.108465	46
-0.343843	29
0.173792	35
0.327826	29
0.388685	19
0.145541	30
-0.249967	26
-0.262712	23
-0.042692	48
0.213657	29
-0.024233	40
-0.155634	38
-0.301003	21
-0.010215	45
-0.030019	26
0.073385	36
-0.048345	49
0.355854	27
-0.366522	16
-0.066407	38
-0.035762	27
-0.060525	39
-0.359088	27
0.177254	36
-0.172529	35
-0.018494	46
0.282878	21
0.072471	37
0.027146	38
-0.125890	32
0.051315	42
-0.254332	36
-0.019685	47
-0.110179	37
-0.086822	27
0.114232	36
-0.185104	37
0.077442	38
-0.060860	40
-0.179955	36
-0.177384	37
0.440157	10
-0.083478	28
0.000472	30
0.110712	37
-0.281120	24
0.429604	11
-0.018570	48
0.289458	22
0.123057	42
0.437428	15
0.265450	30
-0.305943	22
-0.137100	38
0.009265	31
-0.009128	43
-0.082619	29
-0.293736	26
0.423363	12
-0.425867	25
0.065910	34
-0.176181	38
0.166350	38
0.161340	39
0.295058	24
-0.295693	27
0.297799	25
-0.392295	14
-0.167957	34
-0.108859	47
-0.237765	46
0.042352	40
0.073937	39
-0.032208	28
-0.470599	14
0.019097	36
0.183053	41
-0.109458	48
0.295501	26
-0.308964	23
-0.056900	46
-0.233957	47
0.359919	28
-0.215169	29
-0.325609	23
0.221505	41
0.172938	37
0.218785	30
0.178911	38
-0.418022	16
0.370775	12
-0.341826	30
0.337268	21
-0.385770	20
0.004279	32
-0.287598	25
0.045649	41
-0.438203	18
-0.248117	27
-0.383262	21
-0.249071	28
-0.381810	22
-0.295410	28
0.138870	39
-0.134278	39
-0.074848	42
-0.117450	38
-0.226526	33
-0.206074	35
0.153197	33
-0.084584	30
-0.073207	43
0.099612	42
-0.316497	21
0.204589	38
0.014904	37
0.458097	6
-0.177383	39
-0.354461	28
-0.066440	41
-0.254774	37
-0.261840	24
0.230073	30
0.079615	40
0.270986	26
-0.284463	26
-0.277217	29
-0.193659	30
-0.354296	29
-0.358263	30
0.193898	38
0.170659	39
0.312028	23
0.364611	23
-0.189819	38
-0.326341	24
0.111240	38
-0.388804	23
-0.214429	30
0.209071	39
0.122928	43
-0.153578	39
0.084496	44
-0.040102	50
0.201675	40
-0.252111	38
0.491707	9
-0.213652	31
-0.327800	25
0.341362	29
0.153170	34
-0.321761	26
0.376518	13
-0.250165	39
-0.199895	31
0.007791	33
0.241677	26
0.072701	41
-0.145958	36
-0.282008	27
0.338204	22
0.434702	16
0.117779	39
0.129467	44
0.242182	27
-0.170359	40
-0.002515	44
0.050621	43
-0.260703	25
-0.275826	30
-0.117735	39
0.061226	35
0.042834	42
-0.036118	29
-0.351576	31
0.365282	24
0.225944	42
-0.120171	33
0.132623	40
-0.073618	44
0.012658	38
-0.238309	48
-0.048261	51
-0.312241	22
-0.238472	49
-0.216976	32
-0.048644	52
-0.172209	41
-0.157994	40
0.001284	34
0.184516	42
0.082189	45
-0.183513	39
-0.225003	34
-0.275992	31
0.180763	43
0.405160	14
-0.436157	19
-0.109091	49
0.377413	14
-0.091116	35
0.167257	40
0.237686	31
-0.414714	17
-0.310388	23
0.144949	31
0.056661	44
-0.077993	45
-0.024839	41
0.120518	45
-0.153257	41
0.179577	40
-0.280991	28
0.039942	48
0.277422	27
0.365308	25
0.268405	31
0.182278	44
-0.121118	34
-0.239761	50
-0.410049	18
-0.029831	42
0.002434	35
-0.397404	15
-0.160855	35
0.005959	36
0.056982	45
0.102262	41
-0.121053	35
0.422665	13
-0.136866	40
0.245884	28
0.378451	15
0.112061	40
0.012039	39
-0.056340	47
0.107875	42
0.087440	46
-0.050925	48
-0.003660	45
-0.284877	29
0.328360	30
-0.368148	17
0.107173	43
-0.071524	46
-0.003855	46
-0.278334	32
0.114843	41
-0.260469	26
0.481168	9
0.181637	45
0.079739	42
-0.325445	27
0.040789	43
-0.131106	41
0.210791	31
-0.330582	25
0.053430	46
0.110278	42
0.046739	44
-0.043218	53
0.183183	46
0.060022	36
0.309354	22
-0.289815	30
0.177039	41
0.117938	43
-0.007335	47
0.119727	44
-0.112350	40
0.260434	32
-0.063257	42
0.279759	28
-0.218219	33
-0.093250	36
-0.224898	35
-0.449227	13
-0.151053	42
0.098872	43
0.251620	34
-0.337249	26
0.211128	32
0.253005	35
0.253333	36
0.212348	33
-0.209473	36
0.112042	45
-0.053076	49
0.092583	44
0.356813	29
-0.174592	42
-0.327662	28
0.163318	41
0.070013	43
-0.148630	37
-0.119477	41
0.359308	30
-0.279260	33
0.292460	27
-0.159294	43
0.055718	47
-0.159460	44
0.015158	40
0.163444	42
-0.323584	29
-0.088710	31
-0.202552	37
0.424590	14
-0.367547	18
0.384693	20
0.214121	34
-0.418103	19
0.195257	39
0.067627	37
0.050090	48
-0.079124	47
0.231206	32
-0.105854	50
0.407919	15
0.112703	46
-0.352834	32
0.002448	37
0.230135	33
0.124804	46
0.027627	39
-0.137821	42
0.128621	47
0.237053	34
0.450070	7
0.104112	44
0.304494	23
0.322393	31
0.097462	45
-0.253621	40
-0.185788	40
0.281126	23
0.380867	21
0.255653	37
-0.071024	48
-0.008294	48
-0.021714	43
-0.415880	20
0.346218	30
-0.056854	50
0.191780	40
0.103522	45
-0.101369	51
-0.154015	45
-0.256937	41
-0.410860	21
-0.153719	46
-0.031076	30
0.044419	45
-0.021889	44
0.040576	46
0.256970	38
-0.338377	27
0.235418	35
0.131620	41
-0.313325	24
-0.217652	34
0.319612	24
-0.316979	25
-0.017648	49
-0.298652	29
-0.315043	26
-0.201368	38
0.229718	43
-0.169664	36
-0.371688	19
-0.305029	24
-0.256983	42
0.373021	16
0.211695	35
0.184726	47
0.094050	46
0.176578	42
-0.150657	47
-0.219585	35
-0.071770	49
-0.022313	45
0.189474	48
0.321133	32
0.020522	40
0.387666	22
-0.223813	36
-0.193696	32
-0.374496	20
-0.465438	17
-0.114402	42
-0.209691	39
0.481179	10
-0.325590	30
0.113067	47
-0.218417	36
0.290853	28
-0.178756	43
-0.226483	37
0.278033	29
0.048535	47
0.102050	46
0.125908	48
-0.050279	51
-0.252208	43
0.109797	47
-0.390825	16
0.061110	38
0.025742	41
-0.275472	34
0.206842	41
0.489309	11
-0.117646	43
0.062634	39
-0.365444	19
0.320858	33
-0.105759	52
0.042735	48
0.351308	31
-0.170387	44
-0.340479	31
-0.285221	31
-0.297634	30
0.276131	30
-0.013778	50
-0.017785	51
-0.471831	15
0.088708	47
-0.288696	32
0.110381	48
-0.192340	33
0.113490	49
-0.210528	37
-0.202687	40
-0.278962	35
-0.182563	41
0.036815	49
-0.187865	42
0.023069	42
0.120481	49
0.190123	41
-0.350965	33
0.056210	49
-0.147980	38
-0.020547	46
-0.012448	52
0.166507	43
0.400273	16
-0.223904	38
0.028605	43
0.453254	8
-0.127914	36
-0.167952	37
-0.047553	54
-0.240629	29
-0.226496	39
0.188980	49
0.394350	18
-0.318514	27
-0.004542	49
0.086238	48
-0.258684	44
-0.053348	52
0.041841	49
-0.198641	34
0.142847	32
0.171709	43
0.207844	42
-0.441205	14
0.212588	36
-0.032779	31
-0.196934	35
0.155225	35
0.415030	13
0.064935	40
0.358566	32
0.025816	44
0.033806	50
-0.007949	50
-0.133180	43
0.216855	37
0.054880	50
0.173432	44
-0.249610	30
0.293790	29
-0.206231	41
0.290852	30
0.363902	26
0.253010	39
-0.308225	25
0.072605	44
0.355193	33
0.258853	40
-0.262376	27
0.242146	29
0.267271	33
-0.031760	32
0.066635	41
0.455875	9
0.029827	45
-0.201153	42
-0.309971	26
-0.103322	53
-0.101329	54
0.204147	43
0.052269	51
-0.101800	55
-0.309758	27
0.308364	24
0.394659	19
-0.265182	28
0.113647	50
-0.168964	38
-0.352778	34
-0.196498	36
-0.138581	44
-0.030434	33
-0.130377	45
0.020798	46
-0.491945	6
-0.255923	45
0.329356	34
0.198729	42
0.099979	47
0.150713	36
0.058336	52
0.256037	41
0.061667	42
0.092592	48
0.128858	50
0.147267	33
-0.136652	46
-0.019427	53
0.108155	48
0.250405	42
-0.410692	22
0.129152	51
-0.059954	53
0.336683	23
0.226857	44
-0.000634	51
-0.388218	24
-0.374049	21
0.133954	42
0.429878	15
-0.233080	51
-0.242363	31
-0.198055	37
-0.423491	26
0.167619	44
-0.081642	32
0.330218	24
-0.349604	32
-0.072059	50
-0.072215	51
0.059785	53
0.089497	49
-0.243226	32
0.048232	50
-0.193057	38
0.211798	38
-0.369888	20
0.181948	50
-0.261656	29
-0.144972	39
-0.071771	52
-0.009346	52
0.153085	37
-0.366008	21
0.011535	41
0.077792	45
0.340709	31
-0.136209	47
0.461870	9
-0.105127	56
-0.147300	40
0.166676	45
0.129425	52
0.240606	30
0.277921	31
0.082908	50
-0.002184	53
-0.211172	38
-0.182608	43
0.309426	25
0.153809	38
-0.104482	57
0.080897	51
0.049448	51
0.116896	51
0.175619	45
-0.076007	53
0.247272	31
0.055276	54
0.282681	24
0.337409	25
0.167263	46
0.094487	49
-0.291871	31
-0.246037	33
0.171041	46
-0.216586	39
-0.135123	48
-0.257670	46
-0.175938	45
-0.022890	47
-0.298815	32
0.074894	46
-0.228156	40
-0.430896	20
-0.052934	54
-0.465710	18
-0.198581	39
0.070826	47
-0.312598	28
0.323856	35
-0.151620	48
-0.193185	40
0.094114	50
0.331377	26
0.402142	17
0.028737	47
0.124407	53
0.386093	23
0.138191	43
-0.419220	23
-0.234288	52
0.193204	43
0.006119	38
-0.110088	44
-0.029032	48
0.143041	34
0.036564	51
0.454606	10
0.137811	44
0.054450	55
0.131701	45
-0.379124	22
-0.201051	43
-0.241508	34
-0.251562	47
-0.053773	55
0.096227	51
0.167326	47
0.228358	45
-0.051540	56
0.186228	51
-0.466672	19
0.202482	44
-0.076493	54
0.114424	52
0.344132	32
-0.138339	49
0.429638	16
-0.058553	57
-0.004626	54
0.166827	48
0.179959	47
0.125287	54
-0.381383	25
-0.141573	41
0.092393	52
-0.004172	55
0.121017	55
0.021534	48
-0.240862	35
-0.017032	54
-0.229214	41
-0.147857	42
0.040014	52
0.175950	48
-0.209947	44
0.296849	31
0.426477	17
-0.229672	42
0.000721	39
0.138919	46
0.018747	42
0.167728	49
-0.254739	48
-0.267012	30
-0.031203	34
0.262937	34
-0.461441	20
-0.155296	49
-0.173798	46
0.196601	44
-0.243424	36
0.184196	52
0.015758	43
-0.308522	28
0.139961	47
-0.465907	21
0.079508	48
-0.074889	55
-0.015767	55
-0.139303	50
-0.071201	56
0.335179	27
0.004833	40
0.319606	25
0.184395	53
0.009520	41
-0.028072	49
-0.047167	55
0.351743	34
0.228196	46
-0.090247	37
-0.154513	50
0.254912	43
-0.465257	22
0.222733	47
-0.399126	17
-0.221586	43
-0.203822	45
0.259242	44
-0.170993	47
0.486776	12
0.058383	56
0.019321	44
-0.158088	51
-0.442139	15
0.049217	53
-0.244159	37
0.391400	20
-0.163993	39
0.265974	35
-0.004765	56
-0.048123	56
0.251664	45
-0.472965	16
-0.271573	36
0.163860	50
-0.003352	57
0.163454	51
-0.120373	37
0.163083	52
-0.014124	56
0.296779	32
0.289786	25
-0.088769	33
0.385337	24
0.403754	18
0.196318	45
0.352747	35
0.434267	17
-0.418393	24
-0.363266	22
-0.050335	58
0.091897	53
0.076049	49
-0.014483	57
0.272853	32
-0.260343	31
-0.441022	16
0.199065	46
0.383830	25
0.258154	46
-0.245760	38
-0.096794	38
-0.397941	18
0.298523	33
-0.219699	40
-0.148994	43
0.182642	54
-0.028168	50
-0.028705	51
-0.029951	52
-0.157216	52
0.068929	43
-0.310255	29
0.107838	49
-0.331016	28
0.037698	52
-0.072573	57
0.164432	53
-0.029918	53
0.042945	54
-0.125827	38
-0.292999	33
-0.001967	58
0.312405	26
-0.168421	40
0.229227	48
-0.304679	29
0.223788	49
0.310246	27
0.192083	47
-0.196414	41
0.355022	36
-0.397156	19
-0.220889	44
0.081749	52
0.326309	36
0.063797	44
-0.328450	31
-0.190149	42
-0.167030	41
-0.217005	41
-0.268993	32
-0.151871	53
0.109625	50
-0.034501	35
0.094225	54
-0.081926	34
-0.243633	39
0.070860	50
-0.115827	45
0.231364	36
0.471767	7
0.221709	50
-0.145806	44
0.275014	33
0.409776	19
-0.229597	45
-0.238385	53
0.447951	11
0.365226	27
-0.230278	54
-0.192992	43
0.278367	34
-0.023967	54
0.180351	55
-0.113291	46
-0.238019	55
0.409240	20
-0.098179	39
0.257794	47
0.181744	56
0.264150	36
0.462303	10
0.144968	35
0.262918	37
-0.434882	21
0.322866	37
-0.408489	18
-0.080419	35
-0.338652	29
0.300770	26
-0.413485	25
0.323437	38
0.025173	49
0.492043	10
0.082281	53
-0.242171	40
0.351555	37
-0.202811	46
-0.202526	47
0.098061	55
-0.207628	48
-0.403165	19
-0.198833	44
-0.168176	42
-0.153200	54
-0.263940	33
0.050466	57
0.277896	35
0.249001	32
-0.063645	43
-0.029909	55
0.299680	34
-0.060449	44
-0.347316	33
-0.280232	33
-0.057628	59
-0.215486	42
0.478920	8
0.021359	50
-0.074851	58
0.054365	58
-0.066499	45
-0.390343	20
0.008757	42
-0.148468	45
-0.475319	17
0.469071	11
-0.392978	21
0.035065	53
-0.008754	59
-0.339817	30
0.329027	39
0.052613	59
-0.279321	37
-0.319912	30
0.217561	39
-0.197816	45
0.050827	60
-0.273055	38
-0.037818	36
-0.065142	46
0.229155	51
-0.114981	47
-0.043321	57
0.149967	36
0.381938	26
0.011730	45
-0.351037	35
-0.137480	51
-0.118228	48
0.261118	38
-0.014951	58
0.251612	48
-0.238374	56
0.342870	33
0.349749	34
0.298211	35
-0.045626	58
0.260371	39
-0.069076	47
0.080654	54
0.132602	48
-0.024753	56
-0.365928	23
-0.003779	60
0.093098	56
-0.065667	48
-0.198377	46
0.015131	46
-0.336152	31
0.200144	45
0.226364	52
-0.138468	52
-0.390726	22
-0.424127	27
-0.332559	32
-0.180572	44
0.223897	53
-0.175379	48
0.135397	49
-0.090141	40
0.222413	54
-0.059493	60
-0.001942	61
-0.229502	46
0.006618	43
-0.176056	49
-0.217333	43
0.351765	38
0.354012	39
-0.309629	30
0.062704	45
0.238441	37
-0.094542	41
0.461116	12
-0.115135	49
-0.257778	49
-0.055002	61
-0.139723	53
-0.424753	28
-0.176641	50
0.061213	46
-0.241142	41
0.460269	13
-0.326316	32
0.164371	54
-0.118287	50
-0.429041	29
-0.161604	43
0.339141	28
-0.334379	33
-0.265151	34
0.146380	37
-0.235967	57
-0.164017	44
0.262810	40
0.380650	27
0.348944	35
0.243786	33
0.270160	36
-0.366881	24
0.016275	47
0.323421	40
-0.094975	42
0.233772	38
-0.387422	26
0.201152	46
0.192607	48
-0.000544	62
-0.279824	39
-0.118373	51
0.079801	51
-0.155871	55
0.151553	39
-0.102663	58
-0.459103	16
0.322483	41
-0.369627	25
-0.070177	59
-0.170923	51
-0.059652	62
0.110852	53
-0.182920	45
0.494657	11
-0.377079	23
-0.020865	57
0.217585	40
-0.159114	56
-0.190024	47
0.065813	47
-0.126628	39
-0.130332	54
0.149541	38
0.194202	49
-0.175394	52
-0.127589	40
-0.497505	7
-0.092129	43
0.217506	41
-0.338590	34
-0.337584	35
0.117884	54
0.231109	39
0.205691	47
0.344533	36
0.288738	26
-0.085070	36
-0.228757	47
-0.094901	44
0.043915	55
0.054175	61
0.267467	41
0.184641	57
-0.199305	48
0.429362	18
-0.358461	36
-0.160519	45
0.261379	42
-0.319620	31
0.296870	36
-0.108691	59
-0.154696	57
0.299832	37
-0.145433	46
0.192727	50
-0.235793	58
-0.376494	24
0.348399	37
-0.399641	23
0.029661	51
-0.335359	36
-0.226602	48
-0.357795	37
-0.141427	47
-0.249850	42
-0.180884	46
0.011594	48
-0.463995	23
0.450102	11
0.098903	57
0.163647	55
0.094226	58
-0.029006	58
0.210348	42
0.078328	52
0.072737	53
-0.139749	55
0.208551	48
-0.042144	59
0.157397	40
-0.418996	26
0.065681	48
-0.051089	63
0.009657	44
0.268633	43
0.381688	28
-0.251422	50
0.171407	49
0.167704	56
-0.479076	18
0.158835	41
0.199525	51
0.078300	54
0.071459	55
-0.222090	49
0.070383	56
-0.213235	44
0.291779	38
0.075090	57
0.016644	49
0.225628	55
0.015758	50
0.154951	42
-0.158775	58
0.100970	51
-0.162498	46
-0.381191	27
-0.033633	37
0.224989	56
-0.249896	43
-0.284661	34
0.021565	52
-0.059776	64
-0.047943	60
0.069989	49
0.192831	52
0.185595	58
-0.221700	50
0.089460	55
0.068070	50
-0.347829	34
0.227421	57
0.079061	58
-0.216573	45
0.079382	59
-0.051852	65
-0.234516	59
-0.093267	45
-0.492489	8
-0.009795	63
0.297453	39
0.291650	40
-0.469147	24
0.056701	62
0.394663	21
0.278677	37
0.415551	14
0.095484	59
-0.154983	59
